-8794.000000
-4326.000000
-9959.000000
-14952.000000
-13080.000000
-12753.000000
-11024.000000
-8628.000000
-10941.000000
-7495.000000
-12078.000000
-7698.000000
-12050.000000
-9754.000000
-13391.000000
-10365.000000
-13230.000000
-11648.000000
-9533.000000
-8206.000000
-12295.000000
-12174.000000
-6096.000000
-9644.000000
-18441.000000
-8404.000000
-14334.000000
-8495.000000
-11386.000000
-9044.000000
-13388.000000
-16571.000000
-6905.000000
-10527.000000
-12815.000000
-14616.000000
-10145.000000
-5494.000000
-8039.000000
-6261.000000
-5989.000000
-15041.000000
-9054.000000
-11584.000000
-12465.000000
-5587.000000
-11750.000000
-8112.000000
-16465.000000
-8100.000000
-7171.000000
-9507.000000
-10131.000000
-10375.000000
-9207.000000
-7225.000000
-10619.000000
-11840.000000
-9090.000000
-11866.000000
-6315.000000
-6391.000000
-5474.000000
-4965.000000
-9345.000000
-12995.000000
-16613.000000
-8029.000000
-7088.000000
-12324.000000
-5674.000000
-9572.000000
-7397.000000
-8843.000000
-9606.000000
-10127.000000
-10363.000000
-12893.000000
-4608.000000
-5489.000000
-4835.000000
-5473.000000
-9512.000000
-11262.000000
-6154.000000
-6656.000000
-10442.000000
-6467.000000
-7981.000000
-15271.000000
-7917.000000
-6524.000000
-9504.000000
-7585.000000
-7431.000000
-7093.000000
-11612.000000
-8204.000000
-11143.000000
-10735.000000
-9035.000000
-10164.000000
-11260.000000
-13090.000000
-6382.000000
-12846.000000
-11022.000000
-12091.000000
-9783.000000
-9764.000000
-8579.000000
-7360.000000
-10175.000000
-9687.000000
-5499.000000
-10689.000000
-10178.000000
-10628.000000
-5862.000000
-10712.000000
-7504.000000
-6980.000000
-3249.000000
-4356.000000
-6454.000000
-5547.000000
-3535.000000
-3741.000000
-12620.000000
-11622.000000
-6162.000000
-10683.000000
-11416.000000
-8283.000000
-3671.000000
-7887.000000
-5512.000000
-13913.000000
-4126.000000
-6483.000000
-6096.000000
-4246.000000
-5507.000000
-8208.000000
-7533.000000
-9238.000000
-4948.000000
-9385.000000
-8192.000000
-11135.000000
-4584.000000
-11788.000000
-8203.000000
-4394.000000
-4237.000000
-4082.000000
-5234.000000
-6532.000000
-3562.000000
-4127.000000
-7399.000000
-4759.000000
-7092.000000
-3845.000000
-3900.000000
-3829.000000
-8779.000000
-5182.000000
-8718.000000
-6625.000000
-6562.000000
-3128.000000
-9220.000000
-6800.000000
-6524.000000
-6834.000000
-8512.000000
-8422.000000
-8896.000000
-5479.000000
-7368.000000
-3131.000000
-4411.000000
-3102.000000
-7731.000000
-4936.000000
-5045.000000
-8447.000000
-9744.000000
-6405.000000
-5243.000000
-4962.000000
-3053.000000
-1662.000000
-14793.000000
-11193.000000
-1584.000000
-2659.000000
-11878.000000
-6199.000000
-4096.000000
-4527.000000
-9391.000000
-12287.000000
-12710.000000
-7003.000000
-4842.000000
-11105.000000
-7130.000000
-3622.000000
-9961.000000
-13510.000000
-10618.000000
-5601.000000
-9447.000000
-4320.000000
-6839.000000
-3914.000000
-6832.000000
-10014.000000
-9304.000000
-8667.000000
-4026.000000
-6816.000000
-3505.000000
-8190.000000
-7974.000000
-6357.000000
-5898.000000
-7219.000000
-6791.000000
-6483.000000
-7614.000000
-10646.000000
-5680.000000
-5221.000000
-7976.000000
-5456.000000
-9617.000000
-3147.000000
-8160.000000
-2773.000000
-7955.000000
-9038.000000
-12499.000000
-6016.000000
-14792.000000
-6426.000000
-9354.000000
-5349.000000
-2059.000000
-3245.000000
-1537.000000
-5864.000000
-7143.000000
-3222.000000
-10366.000000
-4427.000000
-7002.000000
-9116.000000
-3471.000000
-12347.000000
-2812.000000
-9687.000000
-4338.000000
-9878.000000
-12233.000000
-6915.000000
-4305.000000
-2226.000000
-5031.000000
-3771.000000
-6128.000000
-5463.000000
-4970.000000
-4834.000000
-11434.000000
-11248.000000
-8290.000000
-7092.000000
-2600.000000
-3630.000000
-3298.000000
-7595.000000
-4187.000000
-5164.000000
-3377.000000
-1365.000000
-4720.000000
-12087.000000
-1973.000000
-8865.000000
-7531.000000
-4434.000000
-8088.000000
-3488.000000
-1334.000000
-3657.000000
-1411.000000
-4242.000000
-3398.000000
-6308.000000
-7625.000000
-5251.000000
-8190.000000
-3955.000000
-5948.000000
-5866.000000
-404.000000
-8982.000000
-12379.000000
-6399.000000
-2040.000000
-3640.000000
-6246.000000
-890.000000
-3974.000000
-3223.000000
-5118.000000
-4296.000000
-4048.000000
-1848.000000
-4054.000000
-7402.000000
-6981.000000
-9587.000000
-2567.000000
-7197.000000
-1387.000000
-4713.000000
-9584.000000
-4959.000000
-1365.000000
-2865.000000
-2814.000000
-5033.000000
-8202.000000
-2952.000000
-10025.000000
-7769.000000
-5809.000000
-7501.000000
-2374.000000
-6286.000000
-6385.000000
-5238.000000
-7460.000000
-8461.000000
-4868.000000
-2942.000000
-7548.000000
-6254.000000
-3128.000000
-5419.000000
-2169.000000
-3728.000000
-1658.000000
-7321.000000
-2443.000000
-1981.000000
-2902.000000
-5840.000000
-1872.000000
-4207.000000
-4689.000000
-3535.000000
-5093.000000
-3704.000000
-3527.000000
-7781.000000
-4865.000000
-5525.000000
-9873.000000
-4679.000000
-4353.000000
-5080.000000
-3020.000000
-4824.000000
-1384.000000
-5210.000000
-4890.000000
-5899.000000
-3446.000000
-4681.000000
-4073.000000
-2668.000000
-2402.000000
-6176.000000
-6825.000000
-2297.000000
-12212.000000
-5621.000000
-5846.000000
-5112.000000
-3836.000000
-5377.000000
-2705.000000
-6335.000000
-203.000000
-2084.000000
-6505.000000
-6147.000000
-4024.000000
-11686.000000
-1116.000000
-6700.000000
-4489.000000
-2158.000000
-1269.000000
-676.000000
-3600.000000
-1343.000000
-6665.000000
-4339.000000
-1996.000000
-6330.000000
-5592.000000
-6302.000000
-10769.000000
-8636.000000
-4625.000000
-5432.000000
-2236.000000
-8958.000000
-1679.000000
-1193.000000
-6294.000000
-3421.000000
-2770.000000
-12212.000000
-1037.000000
-8449.000000
-6003.000000
-5729.000000
-10316.000000
-6606.000000
-4360.000000
-7378.000000
-3079.000000
-1943.000000
-6019.000000
-5228.000000
-3105.000000
-4205.000000
-5496.000000
-5966.000000
-2584.000000
-2485.000000
-4623.000000
-4742.000000
-3808.000000
-6230.000000
-1670.000000
-3709.000000
-2957.000000
-6678.000000
-5744.000000
-4969.000000
-10244.000000
-4089.000000
-5556.000000
-5444.000000
-11685.000000
-4707.000000
-4276.000000
-9233.000000
-1076.000000
-5417.000000
-8022.000000
-7296.000000
-4695.000000
-3519.000000
-3433.000000
-1031.000000
-7816.000000
-1378.000000
-5259.000000
-9199.000000
-7094.000000
-1867.000000
-1461.000000
-6047.000000
-4605.000000
-2817.000000
-2661.000000
-2448.000000
-1580.000000
-9012.000000
-217.000000
-5341.000000
-6600.000000
-4309.000000
-2770.000000
-4589.000000
-6244.000000
-3848.000000
-4983.000000
-1885.000000
-4308.000000
-3482.000000
-5736.000000
-62.000000
-11341.000000
-2713.000000
-5032.000000
-653.000000
-1813.000000
-2061.000000
-3650.000000
-5109.000000
-731.000000
-5724.000000
-3856.000000
-721.000000
-4485.000000
-3670.000000
-6999.000000
-6144.000000
-5362.000000
-2189.000000
-8275.000000
-6789.000000
-1348.000000
-2329.000000
-12034.000000
-7211.000000
-1364.000000
-6689.000000
-1255.000000
-2436.000000
-4928.000000
-3336.000000
-2633.000000
-8247.000000
-1949.000000
-8510.000000
-5045.000000
-4031.000000
-4774.000000
-391.000000
-3605.000000
-3190.000000
-6943.000000
-7078.000000
-2810.000000
-2718.000000
-374.000000
-5764.000000
-1374.000000
-9351.000000
-2158.000000
-4890.000000
-4224.000000
-6149.000000
-6311.000000
-7069.000000
-7421.000000
-5562.000000
-2535.000000
-4352.000000
-4034.000000
-2691.000000
-1997.000000
-3282.000000
-3104.000000
-3855.000000
-4869.000000
-2324.000000
-9015.000000
-1213.000000
-1289.000000
-6313.000000
-6266.000000
-569.000000
-496.000000
-4964.000000
-3235.000000
-621.000000
-5212.000000
-7720.000000
31.000000
-444.000000
-2133.000000
-4259.000000
-2576.000000
-2213.000000
-430.000000
-6902.000000
-4152.000000
-4221.000000
-440.000000
-4157.000000
-2731.000000
-6749.000000
-8100.000000
-4626.000000
-6351.000000
-2247.000000
-7928.000000
-3463.000000
-2934.000000
-6056.000000
-1101.000000
-6257.000000
-392.000000
-330.000000
-9461.000000
-5789.000000
-4115.000000
-3591.000000
-10382.000000
-448.000000
-4220.000000
-3292.000000
-4075.000000
-8107.000000
-7370.000000
-4017.000000
-4019.000000
-1021.000000
-3327.000000
-4734.000000
-3847.000000
-2840.000000
-2851.000000
-215.000000
-5821.000000
-5119.000000
-1778.000000
-7861.000000
-6337.000000
-8218.000000
-5322.000000
-1199.000000
-4103.000000
-2221.000000
-6775.000000
-2197.000000
-7659.000000
-5651.000000
-1702.000000
-4248.000000
-3472.000000
-2042.000000
-2363.000000
-417.000000
-311.000000
-4530.000000
-9898.000000
-2089.000000
-51.000000
-6235.000000
-3501.000000
-4808.000000
-6357.000000
-7269.000000
-5215.000000
-4858.000000
-3655.000000
-400.000000
-6963.000000
-9174.000000
-5165.000000
-442.000000
-2322.000000
-3020.000000
-1585.000000
-7238.000000
-3401.000000
-5899.000000
-4099.000000
-4792.000000
-3885.000000
-1937.000000
-3006.000000
-6715.000000
-403.000000
-2512.000000
-2804.000000
-6472.000000
-5056.000000
-3004.000000
-3827.000000
-3862.000000
-3892.000000
-4816.000000
-9035.000000
-3138.000000
-6897.000000
-1609.000000
-5786.000000
-4753.000000
-4999.000000
-1806.000000
-2148.000000
-2155.000000
-3067.000000
-11251.000000
-5413.000000
-2762.000000
-2011.000000
-6200.000000
-2314.000000
-3399.000000
-3901.000000
-589.000000
-3049.000000
-7506.000000
-5078.000000
-3477.000000
-56.000000
-6313.000000
-2077.000000
-419.000000
-5321.000000
-3537.000000
-4629.000000
-7398.000000
-1038.000000
-2676.000000
-3444.000000
-5136.000000
-2403.000000
-1561.000000
-1241.000000
-6199.000000
-731.000000
-908.000000
-456.000000
-9497.000000
-2196.000000
-7385.000000
-3817.000000
-3346.000000
-5814.000000
-7220.000000
-1500.000000
-2367.000000
-3532.000000
-5323.000000
-1933.000000
-5371.000000
-629.000000
-1948.000000
-789.000000
-5366.000000
-1234.000000
-231.000000
-3397.000000
-7304.000000
-2168.000000
-864.000000
-9514.000000
-5434.000000
-6173.000000
-10255.000000
-5686.000000
-6461.000000
-5712.000000
-3727.000000
-3408.000000
-6610.000000
-4686.000000
-3354.000000
-3127.000000
-3546.000000
-1298.000000
-1422.000000
-4040.000000
-2226.000000
-7005.000000
-3740.000000
-1893.000000
-2365.000000
-7515.000000
-516.000000
-5706.000000
-2936.000000
-1654.000000
-4929.000000
-6008.000000
-3585.000000
-3636.000000
-4988.000000
-12797.000000
-414.000000
-1957.000000
-1912.000000
-5200.000000
-1444.000000
-7804.000000
-730.000000
-395.000000
-450.000000
-1130.000000
-1713.000000
-2920.000000
-3734.000000
-1516.000000
-7324.000000
-2706.000000
-6623.000000
-4564.000000
-8384.000000
-15375.000000
-9656.000000
-7021.000000
-10456.000000
-223.000000
-3431.000000
-3474.000000
-7654.000000
-8061.000000
-1458.000000
-3859.000000
-3146.000000
-9.000000
-5829.000000
-3307.000000
-2920.000000
-2420.000000
-2300.000000
-3509.000000
-3436.000000
-5631.000000
-8630.000000
-2245.000000
-9480.000000
-1119.000000
-1389.000000
-3832.000000
-3003.000000
-34.000000
-8584.000000
-8442.000000
-403.000000
-7.000000
-3715.000000
-864.000000
-3064.000000
-4144.000000
-694.000000
-10702.000000
-3531.000000
-4739.000000
-3035.000000
-5047.000000
-3328.000000
-9422.000000
-6924.000000
-8341.000000
-4699.000000
-7609.000000
-3642.000000
-950.000000
-3900.000000
-200.000000
-3660.000000
-6580.000000
-7975.000000
-4704.000000
-3408.000000
-1566.000000
-4455.000000
-9654.000000
-5860.000000
-5465.000000
-6675.000000
-3015.000000
-3154.000000
-3640.000000
-1201.000000
-3414.000000
-509.000000
-4003.000000
-4198.000000
-1701.000000
-1942.000000
-1199.000000
-1079.000000
-400.000000
-1806.000000
-6043.000000
-3259.000000
-5868.000000
-3722.000000
-1000.000000
-3356.000000
-3004.000000
-4205.000000
-1333.000000
-1985.000000
-2370.000000
-8574.000000
-8719.000000
-3644.000000
-1499.000000
-2303.000000
-383.000000
-4598.000000
-441.000000
-759.000000
-3410.000000
-5298.000000
-6679.000000
-4929.000000
-4842.000000
-4231.000000
-689.000000
-878.000000
-4769.000000
-3812.000000
-6606.000000
-1854.000000
-443.000000
-4692.000000
-1832.000000
-3647.000000
-372.000000
-4906.000000
-2061.000000
-4258.000000
-1708.000000
-836.000000
-1633.000000
-2071.000000
-2453.000000
-1824.000000
-4036.000000
-5635.000000
-1832.000000
-8027.000000
-7316.000000
-2699.000000
-6810.000000
-1309.000000
-2967.000000
-6661.000000
-1776.000000
-3126.000000
-234.000000
-5328.000000
-5292.000000
-2816.000000
-3609.000000
-200.000000
-1849.000000
-2035.000000
-9120.000000
-3097.000000
-4549.000000
-5615.000000
-1824.000000
-5785.000000
-2933.000000
-11839.000000
-4929.000000
-4968.000000
-1031.000000
-1457.000000
-2156.000000
-2094.000000
-2933.000000
-3730.000000
-200.000000
-5006.000000
-1806.000000
-4617.000000
-6262.000000
-4130.000000
-429.000000
-201.000000
-4689.000000
-3523.000000
-4724.000000
-6080.000000
-1809.000000
-3276.000000
-5318.000000
-8946.000000
-3319.000000
-5427.000000
-3040.000000
-3506.000000
-6412.000000
-6906.000000
-1986.000000
-8851.000000
-504.000000
-4030.000000
-6155.000000
-6912.000000
-708.000000
-1911.000000
-3314.000000
-5236.000000
-2803.000000
-1034.000000
-5880.000000
-1857.000000
