-2757.000000
-2774.000000
-5048.500000
-3087.000000
-5577.000000
-2065.000000
-2563.500000
-2397.000000
-2717.000000
-2823.500000
-1530.000000
-4751.500000
-1439.500000
-3931.000000
-2886.000000
-3668.000000
-3394.500000
-3464.000000
-3340.000000
-1155.000000
-2033.500000
-2723.000000
-2703.000000
-3147.000000
-3732.000000
-2965.000000
-4634.000000
-1454.000000
-584.000000
-2684.500000
-3530.000000
-2550.500000
-1999.000000
-1621.000000
-2290.000000
-2889.000000
-3045.000000
-2186.500000
-2094.000000
-1943.500000
-3899.000000
-2110.000000
-1577.000000
-3055.000000
-3315.000000
-2144.500000
-1987.500000
-3668.000000
-2887.500000
-3515.500000
-3609.000000
-2444.000000
-3265.500000
-3487.500000
-5343.000000
-2939.000000
-4326.000000
-1945.000000
-2351.000000
-2445.000000
-2556.000000
-2634.000000
-6055.500000
-2236.000000
-1525.500000
-1232.000000
-5701.000000
-2645.000000
-1846.000000
-1806.000000
-3895.000000
-2396.500000
-2314.500000
-2085.500000
-2007.500000
-3059.000000
-2029.500000
-2070.000000
-2592.000000
-2185.500000
-1011.000000
-2046.000000
-1196.000000
-877.500000
-4448.500000
-3178.000000
-2700.000000
-1636.500000
-1062.000000
-1700.000000
-3466.000000
-1408.500000
-3665.000000
-4271.000000
-3175.000000
-4094.000000
-4249.500000
-2108.000000
-2056.000000
-4061.000000
-2345.000000
-4297.000000
-4773.000000
-3217.000000
-3054.000000
-4766.000000
-2131.000000
-4952.500000
-3359.000000
-2108.000000
-2787.000000
-3253.000000
-5826.500000
-3434.000000
-2211.500000
-2956.000000
-4475.000000
-3370.000000
-4275.000000
-2894.000000
-1642.000000
-3603.000000
-1580.000000
-2259.000000
-1727.000000
-4998.500000
-4179.500000
-1419.500000
-4947.500000
-2348.500000
-1981.000000
-2332.500000
-2636.000000
-2789.500000
-3387.000000
-3003.000000
-4383.000000
-3076.000000
-3173.500000
-2474.000000
-2185.000000
-2840.000000
-2481.500000
-4280.000000
-2869.000000
-4608.000000
-1031.000000
-2308.000000
-2822.500000
-1610.500000
-3433.000000
-1008.500000
-2541.000000
-4077.000000
-4796.000000
-4499.000000
-2611.000000
-2986.500000
-2591.500000
-3188.500000
-5460.500000
-3544.000000
-4690.500000
-2792.500000
-4496.000000
-1759.000000
-4004.500000
-4466.000000
-4108.000000
-1677.000000
-1973.000000
-4879.000000
-3745.000000
-4010.500000
-3097.000000
-2272.000000
-2162.000000
-1116.000000
-3376.000000
-3636.000000
-5605.000000
-2875.000000
-1801.000000
-3164.000000
-4456.500000
-2697.000000
-1248.000000
-1723.500000
-4228.500000
-5215.000000
-1519.000000
-3133.000000
-3431.000000
-1620.500000
-1275.000000
-1085.000000
-1958.000000
-4020.500000
-3593.500000
-2855.000000
-3569.000000
-3141.500000
-2041.500000
-3265.000000
-2405.000000
-2497.000000
-4685.000000
-1986.000000
-1284.000000
-2509.500000
-1446.000000
-2845.500000
-3198.000000
-952.000000
-2310.000000
-3276.000000
-2649.000000
-2577.000000
-1627.000000
-1949.000000
-4253.000000
-4522.500000
-2476.000000
-4486.500000
-1734.500000
-3086.500000
-3418.000000
-4799.000000
-1471.000000
-2372.500000
-1828.000000
-1771.000000
-2712.000000
-1427.000000
-2483.500000
-3117.000000
-2276.000000
-3744.000000
-4135.000000
-2802.000000
-1984.000000
-5059.500000
-3047.000000
-2078.000000
-1140.000000
-1473.000000
-1963.500000
-4583.500000
-2166.500000
-2206.000000
-3480.000000
-1519.000000
-3475.000000
-3293.000000
-3598.500000
-1955.500000
-2504.500000
-1528.000000
-2323.000000
-3799.000000
-3319.500000
-2100.000000
-2691.000000
-2607.000000
-2568.500000
-1915.000000
-3353.000000
-4941.500000
-2090.000000
-3214.000000
-3753.500000
-4990.000000
-2687.000000
-4002.000000
-1612.500000
-3130.500000
-5385.000000
-2550.500000
-2526.500000
-2333.000000
-3012.500000
-3318.500000
-4381.000000
-1792.000000
-1681.000000
-2307.000000
-4229.000000
-3714.500000
-1657.000000
-2630.000000
-2559.000000
-2690.000000
-1464.000000
-3480.500000
-5133.000000
-2596.000000
-2589.000000
-1777.000000
-2242.500000
-1574.500000
-772.500000
-3086.500000
-3169.500000
-1116.000000
-2280.000000
-2283.000000
-1380.000000
-3653.000000
-1561.000000
-2567.000000
-891.000000
-1274.000000
-4693.500000
-4169.000000
-1953.500000
-5428.000000
-5424.000000
-838.000000
-1834.500000
-4324.000000
-4404.000000
-1497.000000
-1155.000000
-4410.000000
-2759.000000
-5040.500000
-3794.000000
-640.500000
-4102.000000
-2999.000000
-3515.000000
-3354.500000
-2339.500000
-5403.000000
-1091.000000
-2624.000000
-2788.500000
-2876.500000
-1147.000000
-2321.500000
-2579.000000
-1193.000000
-727.000000
-1588.000000
-4270.000000
-1951.500000
-3073.000000
-2148.000000
-2526.000000
-3612.000000
-986.000000
-1428.000000
-4487.000000
-1175.000000
-2887.500000
-883.000000
-3381.000000
-3548.500000
-2682.000000
-3102.000000
-1932.000000
-4078.000000
-1086.500000
-3577.000000
-2886.000000
-1770.500000
-4806.000000
-2698.500000
-2293.500000
-2796.500000
-4922.000000
-3780.000000
-1029.500000
-1019.500000
-2966.000000
-2733.000000
-3733.000000
-3446.500000
-1676.000000
-1630.500000
-1464.000000
-2906.000000
-1488.000000
-2958.500000
-3979.000000
-2595.000000
-1975.000000
-2910.500000
-1208.000000
-1054.000000
-1903.000000
-1866.500000
-3273.500000
-1925.000000
-868.000000
-4392.000000
-4735.000000
-1338.000000
-2425.000000
-2183.000000
-1384.000000
-2686.500000
-1806.000000
-2220.000000
-4068.000000
-706.000000
-1471.500000
-2703.500000
-3518.000000
-3470.000000
-1630.000000
-4909.500000
-3141.000000
-1148.000000
-2959.500000
-5394.000000
-3581.500000
-1079.000000
-4340.000000
-4734.500000
-4321.000000
-2792.500000
-3476.000000
-921.500000
-7330.500000
-4296.500000
-2969.000000
-1833.000000
-3731.000000
-931.000000
-3222.000000
-3274.000000
-866.000000
-3081.000000
-661.000000
-3658.000000
-1595.000000
-6332.000000
-1044.000000
-4510.500000
-2378.000000
-6448.000000
-3232.000000
-3757.500000
-1628.500000
-3138.500000
-1841.000000
-1159.000000
-1952.500000
-825.500000
-3946.500000
-3804.000000
-5134.000000
-2108.000000
-652.000000
-2249.000000
-1453.000000
-3432.000000
-1868.500000
-2531.000000
-4357.000000
-3185.000000
-3354.000000
-2302.500000
-960.000000
-864.000000
-2255.500000
-2725.000000
-4472.500000
-2249.500000
-1912.500000
-3010.500000
-3867.500000
-1685.500000
-2476.000000
-1193.000000
-1846.500000
-1791.000000
-1265.000000
-1564.000000
-1940.000000
-4889.500000
-2818.000000
-2275.500000
-2136.000000
-2162.000000
-2733.000000
-3103.500000
-1607.500000
-2467.000000
-1513.000000
-1572.500000
-3996.000000
-3670.500000
-1885.500000
-1299.000000
-1734.500000
-4534.500000
-901.000000
-3201.500000
-4758.000000
-1756.000000
-534.500000
-2581.500000
-1433.000000
-1380.000000
-625.000000
-3529.500000
-1679.000000
-3261.500000
-1478.000000
-3046.000000
-3136.500000
-859.000000
-3121.000000
-1808.500000
-3293.000000
-3261.000000
-1671.000000
-3745.500000
-1583.000000
-1770.000000
-3260.000000
-4198.500000
-1884.000000
-3498.000000
-4039.500000
-3838.000000
-2707.500000
-749.000000
-2606.500000
-2204.000000
-1466.000000
-4055.000000
-3553.000000
-2763.000000
-805.500000
-2502.000000
-1889.500000
-2818.000000
-2283.500000
-2056.500000
-1199.000000
-1634.000000
-3727.000000
-3242.000000
-1740.000000
-2574.000000
-4656.500000
-1966.000000
-3103.000000
-1841.000000
-2702.000000
-1472.000000
-3946.500000
-2685.000000
-4201.500000
-1614.500000
-1567.500000
-1798.500000
-1024.000000
-794.000000
-2643.000000
-3485.000000
-3425.000000
-2906.000000
-2379.000000
-2914.000000
-2509.000000
-3184.500000
-2735.000000
-2452.000000
-4703.000000
-1678.000000
-1810.000000
-1301.500000
-4125.000000
-3103.000000
-3691.000000
-1168.000000
-1909.000000
-1463.500000
-4891.000000
-2396.000000
-1033.000000
-2150.000000
-3020.000000
-4511.000000
-4329.000000
-1601.000000
-1649.000000
-3452.000000
-2256.000000
-1875.000000
-3134.000000
-1360.500000
-2664.000000
-3805.000000
-2468.500000
-764.000000
-1160.500000
-1043.000000
-2062.500000
-2630.000000
-2169.000000
-2296.000000
-2786.000000
-1729.500000
-1074.000000
-4017.000000
-2125.000000
-2080.000000
-3940.000000
-1131.000000
-3385.500000
-2421.000000
-1926.500000
-4192.000000
-4225.000000
-4780.500000
-3648.500000
-2391.500000
-2204.000000
-2185.000000
-1582.000000
-1359.000000
-2954.500000
-2013.000000
-2736.500000
-770.500000
-2390.000000
-2499.000000
-3223.500000
-1840.000000
-4480.500000
-4110.500000
-1681.000000
-3484.000000
-1339.000000
-1817.000000
-3680.500000
-1254.000000
-1766.000000
-2994.500000
-2637.500000
-2939.000000
-3056.000000
-3021.500000
-2355.500000
-721.000000
-1922.000000
-2499.500000
-2844.000000
-1590.500000
-1231.000000
-1626.500000
-3992.000000
-1177.000000
-3028.000000
-1111.000000
-2310.000000
-2797.000000
-1202.000000
-2279.500000
-1543.000000
-1928.000000
-2999.000000
-3283.500000
-2241.500000
-5078.500000
-2774.500000
-2575.000000
-2092.500000
-1770.500000
-3021.000000
-810.000000
-3750.000000
-713.500000
-2891.000000
-1085.000000
-1882.000000
-2095.000000
-824.000000
-3208.000000
-2692.000000
-3821.000000
-1235.000000
-1561.000000
-3717.000000
-2788.000000
-3668.000000
-3079.000000
-2714.000000
-2966.000000
-4070.000000
-5557.500000
-3728.000000
-4935.000000
-3974.000000
-2295.000000
-2605.000000
-1966.000000
-3243.000000
-3472.500000
-4813.500000
-3963.500000
-1217.000000
-3306.000000
-1695.500000
-1573.000000
-827.500000
-1166.000000
-6289.000000
-2505.000000
-1268.000000
-860.000000
-2604.000000
-6377.000000
-4533.000000
-1494.000000
-1492.000000
-1968.500000
-2615.500000
-762.000000
-2088.000000
-1923.000000
-3522.000000
-5225.000000
-2043.000000
-1446.000000
-1863.000000
-2751.500000
-525.000000
-1589.000000
-1256.000000
-948.000000
-2741.000000
-1974.000000
-1589.000000
-2940.000000
-1661.000000
-3624.500000
-922.000000
-3534.500000
-1494.000000
-2574.000000
-3709.000000
-2556.000000
-1647.000000
-3191.000000
-2521.000000
-2383.000000
-1168.000000
-2299.000000
-986.000000
-1409.000000
-840.000000
-1089.000000
-3264.500000
-5021.000000
-2622.000000
-2339.500000
-2178.000000
-1677.000000
-1453.000000
-2081.000000
-4418.000000
-3337.500000
-5512.000000
-1617.000000
-1574.000000
-2686.000000
-5528.000000
-5754.500000
-4075.000000
-1927.000000
-2087.500000
-4423.000000
-1760.000000
-3289.500000
-2031.000000
-895.000000
-3123.000000
-1776.000000
-4227.500000
-1558.500000
-4140.000000
-2200.000000
-1766.000000
-2197.000000
-1539.000000
-1998.000000
-1989.000000
-3518.000000
-2938.000000
-1260.000000
-3330.000000
-1988.500000
-599.000000
-3447.000000
-3166.000000
-3625.000000
-2389.000000
-5507.500000
-958.000000
-3834.500000
-1553.000000
-1878.000000
-2621.000000
-685.000000
-3718.000000
-2662.000000
-2824.500000
-2008.000000
-2158.000000
-1823.500000
-3465.000000
-1300.500000
-1411.000000
-3270.000000
-618.000000
-957.000000
-6912.500000
-841.000000
-1255.000000
-2673.000000
-2619.000000
-1343.500000
-5180.500000
-2487.500000
-3110.000000
-2135.000000
-2895.000000
-2086.000000
-4047.000000
-2006.000000
-667.500000
-852.500000
-4997.000000
-4129.000000
-5952.500000
-1208.000000
-2736.000000
-3188.000000
-5071.500000
-1646.000000
-1889.000000
-3783.000000
-2946.000000
-2060.500000
-3011.000000
-1537.000000
-658.500000
-4296.000000
-4171.000000
-4811.500000
-1801.000000
-1473.500000
-593.000000
-2080.000000
-1870.000000
-4097.000000
-662.000000
-1890.000000
-1326.500000
-913.000000
-3294.000000
-1525.000000
-1634.000000
-1549.000000
-2817.000000
-1109.500000
-1330.500000
-1480.500000
-2198.000000
-4341.500000
-2148.000000
-4750.500000
-1371.000000
-1936.000000
-2052.000000
-1714.000000
-4190.000000
-3544.000000
-975.000000
-939.000000
-1911.500000
-1317.000000
-4255.500000
-562.000000
-3713.000000
-1826.000000
-2992.500000
-2922.500000
-3249.000000
-2077.500000
-2345.000000
-2382.000000
-1038.000000
-3583.000000
-3393.500000
-4110.000000
-3637.500000
-2677.500000
-2097.000000
-2103.000000
-2056.000000
-3186.000000
-1063.000000
-2019.000000
-3335.000000
-2032.000000
-3606.500000
-2118.500000
-1928.000000
-3912.000000
-2607.000000
-1875.000000
-1711.500000
-3239.000000
-3702.000000
-1841.000000
-1718.000000
-1228.000000
-860.500000
-3712.000000
-2470.500000
-2518.000000
-1958.000000
-4495.000000
-1247.000000
-2466.000000
-624.000000
-2862.500000
-2339.000000
-1373.500000
-2054.000000
-917.000000
-1747.000000
-892.000000
-3125.000000
-1461.000000
-1806.500000
-3248.000000
-2243.500000
-3224.000000
-965.000000
-1849.500000
-2328.000000
-3634.000000
-2172.000000
-1937.000000
-1973.500000
-2141.000000
-1940.000000
-3427.000000
-2262.000000
-1520.000000
-2593.500000
-2693.000000
-1596.000000
-1666.000000
-1030.500000
-1160.000000
-2292.000000
-2007.500000
-2821.000000
-1938.000000
-2019.500000
-2568.500000
-1781.000000
-2883.000000
-1662.000000
-2542.000000
-3908.000000
-2274.000000
-1377.000000
-1162.000000
-2435.000000
-2380.500000
-2846.000000
-1368.000000
-2673.000000
-3844.000000
-1860.500000
-2641.000000
-3152.500000
-3950.000000
-7038.000000
-1300.000000
-1533.000000
-941.000000
-1545.000000
-1240.000000
-1924.000000
-4798.000000
-3382.000000
-1094.000000
-4039.500000
-1145.000000
-2240.500000
-1035.000000
-1835.000000
-3863.500000
-2721.000000
-1995.000000
-4292.000000
-2935.000000
-2944.500000
-1462.000000
-3744.000000
-2831.000000
-2669.000000
-2599.000000
-2967.000000
-1100.000000
-3090.000000
-2556.000000
-3763.500000
-1063.000000
-2317.000000
-1550.000000
-2681.000000
-1554.000000
-515.500000
-2518.500000
-3676.500000
-4483.000000
-2105.000000
-1376.000000
-764.000000
-2089.000000
-1083.000000
-1701.000000
-3345.000000
-846.000000
-538.000000
-1094.000000
-848.000000
-3836.000000
-3613.500000
-2049.000000
-3910.500000
-785.000000
-578.000000
-5218.500000
-2876.500000
-885.500000
-2718.500000
-772.000000
-1755.000000
-2466.000000
-1365.500000
-1162.000000
-1317.500000
-1082.000000
-1618.000000
-1903.000000
-2302.000000
-3709.500000
-1636.000000
-378.500000
-2992.500000
-4897.000000
-2455.000000
-4925.000000
-1162.000000
-4031.000000
-1168.000000
-2197.000000
-703.000000
-813.000000
-3379.000000
-1865.500000
-1674.500000
-1489.000000
-4454.000000
-2468.000000
-3106.000000
-2102.000000
-1472.000000
-703.000000
-3338.500000
-2158.500000
-2833.000000
-1532.000000
-949.000000
-2730.000000
-2575.000000
-1905.500000
-903.000000
-2450.000000
-658.000000
-4039.000000
-1781.000000
-794.000000
-2295.000000
-1405.000000
-2009.000000
-1396.000000
-496.000000
-2820.500000
-2002.000000
-1219.000000
-3357.000000
-1437.500000
-2813.000000
-2285.500000
-1767.000000
-3708.000000
-1799.000000
-558.000000
-540.000000
-1789.000000
-3367.000000
-2999.000000
-1418.500000
-2368.000000
-1023.000000
-3017.000000
-2677.500000
-1379.000000
-3064.500000
-694.500000
-1262.000000
-4215.500000
-1502.000000
-722.000000
-2706.000000
-1279.000000
-1219.000000
-501.000000
-2392.000000
-1724.000000
-1435.000000
-2326.000000
-781.000000
-3766.000000
-1838.500000
-2705.000000
-3737.000000
-1018.000000
-2559.000000
-2366.500000
-1098.000000
-2011.500000
-1636.000000
-2138.000000
-2258.000000
-2153.000000
-1532.500000
-1971.000000
-1755.000000
-958.000000
-902.000000
-313.000000
-902.000000
-1967.000000
-3743.000000
-2147.500000
-2628.500000
-626.000000
-1162.000000
-1658.000000
-4828.000000
-1221.000000
-1087.000000
-2626.000000
-1759.000000
-1670.000000
-3514.500000
-918.000000
-5227.500000
-2756.000000
-1430.500000
-1209.000000
-465.500000
-2620.000000
-1685.500000
-1419.000000
-511.000000
-1609.000000
-1357.000000
-2592.000000
-3825.000000
-3478.000000
-6042.000000
-401.000000
-1351.500000
-3411.000000
-3706.500000
-506.000000
-524.500000
-1278.000000
-4006.000000
-632.000000
-676.000000
-1601.000000
-3638.000000
-3566.000000
-3019.000000
-803.000000
-4199.000000
-5425.000000
-2785.500000
-752.000000
-2328.500000
-1114.000000
-1727.000000
-2441.500000
-710.500000
-741.000000
-2467.000000
-1312.000000
-1489.000000
-1312.000000
-838.000000
-2464.000000
-704.000000
-273.500000
-3228.000000
-3732.500000
-985.000000
-2452.000000
-1473.000000
-491.000000
-1889.000000
-2748.000000
-2307.000000
-3752.000000
-1790.000000
-1762.500000
-2922.000000
-1234.000000
-2046.000000
-3294.000000
-637.000000
-1738.000000
-2198.000000
-2068.000000
-3443.000000
-1656.000000
-2293.000000
-3655.000000
-826.000000
-2355.000000
-1504.500000
-4506.000000
-1719.000000
-1714.000000
-4827.500000
-1849.000000
-1061.000000
-1429.000000
-2274.500000
-2262.500000
-410.500000
-2631.000000
-1333.000000
-3903.000000
-319.000000
-927.000000
-763.000000
-2971.000000
-912.000000
-1369.000000
-491.000000
-2062.000000
-2837.000000
-4006.000000
-844.000000
-4106.000000
-2386.500000
-1433.000000
-4505.000000
-3956.000000
-3235.000000
-497.000000
-3062.000000
-2735.000000
-1119.500000
-1236.000000
-4593.000000
-1047.500000
-401.500000
-423.000000
-2227.000000
-1588.000000
-509.000000
-3489.000000
-1744.000000
-3190.000000
-1359.000000
-1250.000000
-1259.000000
-1516.000000
-1370.000000
-950.000000
-1323.000000
-2340.000000
-924.000000
-891.000000
-2148.000000
-3032.000000
-986.000000
-2479.000000
-2797.000000
-1562.000000
-263.000000
-1669.000000
-1915.500000
-1544.000000
-3434.000000
-3842.000000
-668.000000
-1839.000000
-2717.500000
-2801.000000
-770.000000
-1950.000000
-1515.000000
-922.000000
-1522.000000
-1599.000000
-3775.000000
-3058.500000
-3969.000000
-1885.000000
-3321.000000
-3766.000000
-1773.000000
-2620.000000
-2832.000000
-2204.000000
-2003.000000
-488.000000
-2895.000000
-844.500000
-1559.500000
-1303.000000
-2329.000000
-3053.500000
-2192.000000
-1282.000000
-1604.000000
-1411.000000
-504.000000
-1867.000000
-1806.500000
-1589.000000
-2734.000000
-1327.000000
-2718.500000
-481.000000
-592.000000
-821.000000
-1099.000000
-2118.000000
-929.000000
-2143.000000
-1545.000000
-717.000000
-3999.000000
-2693.000000
-1897.500000
-4315.000000
-709.000000
-3080.000000
-181.000000
-4496.000000
-2807.000000
-496.000000
-2060.000000
-458.500000
-3321.000000
-5491.000000
-4274.000000
-1991.000000
-1086.000000
-1697.000000
-2882.000000
-3429.000000
-3161.000000
-4241.000000
-2760.000000
-4063.000000
-1278.000000
-3602.000000
-391.500000
-1293.500000
-1051.000000
-1892.500000
-3614.000000
-1043.000000
-3506.000000
-1733.000000
-3683.000000
-2392.000000
-3829.500000
-1815.000000
-1655.000000
-643.500000
-1485.500000
-1023.500000
-2102.000000
-810.500000
-3360.000000
-2910.000000
-487.000000
-361.000000
-1885.000000
-2590.000000
-2633.000000
-605.000000
-3563.000000
-3339.500000
-1966.000000
-905.000000
-2063.000000
-499.000000
-3287.000000
-3993.000000
-1442.000000
-2391.000000
-2838.000000
-1623.000000
-3360.000000
-1540.000000
-4658.500000
-3114.000000
-2716.500000
-2061.500000
-979.000000
-2551.500000
-486.500000
-2639.000000
-2873.000000
-4132.000000
-1744.000000
-2650.000000
-4455.000000
-1035.000000
-4114.500000
-3823.000000
-2627.000000
-1634.500000
-1597.000000
-2563.500000
-942.000000
-1445.000000
-762.500000
-2593.000000
-2094.000000
-1710.000000
-2260.000000
-2249.000000
-1572.000000
-1320.000000
-1650.000000
-1200.000000
-1052.000000
-1730.000000
-823.000000
-608.500000
-1760.500000
-2616.000000
-1084.000000
-3520.000000
-624.000000
-3528.500000
-978.500000
-1215.000000
-1641.000000
-3658.500000
-1502.000000
-3108.500000
-1598.000000
-3522.500000
-2659.500000
-1923.000000
-630.000000
-483.000000
-3474.500000
-1251.000000
-1724.000000
-1807.000000
-4085.000000
-2373.000000
-2546.500000
-3046.500000
-6123.500000
-1111.500000
-4836.000000
-1596.000000
-1805.000000
-1338.000000
-2489.000000
-2578.000000
-606.000000
-781.000000
-3718.000000
-1952.000000
-2652.500000
-2058.000000
-2773.000000
-2414.000000
-4646.000000
-2362.000000
-3375.000000
-1712.000000
-4595.000000
-2037.500000
-456.000000
-523.000000
-1103.000000
-544.000000
-2803.000000
-2238.000000
-2009.000000
-2412.000000
-1195.000000
-1679.000000
-1138.000000
-903.000000
-2438.000000
-2709.000000
-2287.000000
-2322.000000
-1884.000000
-3585.000000
-1941.000000
-805.000000
-4165.000000
-409.000000
-3756.000000
-3176.500000
-4188.000000
-2510.000000
-301.000000
-959.000000
-438.000000
-2444.000000
-2061.000000
-1378.000000
-5255.000000
-953.000000
-936.000000
-2052.000000
-641.000000
-890.500000
-3445.000000
-1352.000000
-2768.000000
-1896.000000
-1045.000000
-2170.000000
-2386.000000
-1655.000000
-621.000000
-2518.000000
-2294.000000
-467.000000
-1129.000000
-2379.000000
-1585.000000
-2542.000000
-734.000000
-2014.000000
-2564.000000
-2910.000000
-1436.500000
-3382.000000
-906.000000
-1543.000000
-2233.000000
-2506.000000
-1233.000000
-805.000000
-1507.000000
-3330.000000
-4740.000000
-1631.000000
-1491.000000
-3602.500000
-2881.000000
-976.000000
-1994.000000
-3660.000000
-1878.500000
-647.000000
-737.000000
-2809.000000
-1945.000000
-343.000000
-413.000000
-2794.000000
-2847.000000
-2290.000000
-4520.000000
-998.000000
-3261.000000
-3321.500000
-1422.000000
-2723.500000
-1352.000000
-1930.000000
-1135.500000
-1260.500000
-2713.000000
-1026.000000
-2918.000000
-2245.000000
-3133.500000
-3327.000000
-391.000000
-1924.000000
-2097.500000
-1495.000000
-2168.000000
-636.000000
-1902.000000
-1015.000000
-4232.000000
-2222.000000
-4412.500000
-2997.000000
-457.000000
-2752.000000
-2694.000000
-1266.000000
-1898.000000
-2317.000000
-1773.000000
-1320.000000
-1792.000000
-1352.500000
-4988.500000
-884.000000
-4230.000000
-407.500000
-574.000000
-1383.000000
-2732.500000
-1945.000000
-1574.500000
-976.000000
-487.000000
-1423.000000
-3282.000000
-2728.000000
-1870.000000
-1476.000000
-3091.000000
-5012.000000
-457.000000
-847.000000
-1794.000000
-3118.000000
-3901.000000
-1801.000000
-4202.000000
-1237.000000
-5386.000000
-847.000000
-1847.000000
-1260.000000
-1614.500000
-1088.000000
-2034.000000
-2147.000000
-2399.000000
-2448.000000
-1071.000000
-803.000000
-1316.500000
-2089.500000
-654.000000
-1160.000000
-3528.500000
-4324.000000
-448.000000
-1278.000000
-961.000000
-910.000000
-3071.500000
-1363.000000
-4726.500000
-1693.000000
-2064.000000
-2666.000000
-1730.500000
-2082.000000
-3158.000000
-1101.000000
-1025.000000
-3248.500000
-2401.000000
-1243.000000
-2429.500000
-3587.000000
-1389.000000
-2168.000000
-2609.000000
-1380.000000
-5186.000000
-3235.500000
-3142.500000
-350.000000
-2629.000000
-1123.000000
-2255.500000
-993.000000
-4048.000000
-453.000000
-1234.000000
-1360.000000
-579.000000
-3797.000000
-391.000000
-1888.000000
-893.000000
-1703.000000
-1807.000000
-479.000000
-1714.000000
-1527.500000
-2146.000000
-1461.000000
-3306.000000
-1947.000000
-291.000000
-1634.000000
-310.000000
-2976.000000
-365.000000
-454.000000
-562.000000
-448.000000
-2082.000000
-998.500000
-2504.000000
-549.000000
-3480.000000
-1858.000000
-835.000000
-2219.000000
-1995.000000
-1188.000000
-688.000000
-3865.000000
-2796.000000
-486.000000
-3423.500000
-1664.000000
-3029.500000
-2518.000000
-2396.500000
-400.000000
-2294.000000
-2039.500000
-1388.000000
-2585.500000
-519.000000
-894.000000
-2076.000000
-1853.000000
-2496.000000
-2341.000000
-1093.000000
-923.000000
-1378.000000
-2660.000000
-550.500000
-2311.000000
-574.000000
-939.000000
-1786.000000
-3095.000000
-1344.500000
-980.000000
-2320.500000
-1267.000000
-1681.000000
-540.000000
-611.000000
-3110.000000
-3637.000000
-4183.500000
-2059.000000
-2003.500000
-971.000000
-526.000000
-4038.000000
-2337.000000
-806.500000
-432.000000
-2249.500000
-2235.000000
-3350.000000
-426.000000
-2696.000000
-2864.500000
-2590.000000
-2304.000000
-1245.000000
-1417.500000
-845.000000
-350.000000
-560.000000
-1028.000000
-1243.000000
-2987.000000
-2742.000000
-3790.500000
-1952.000000
-2943.000000
-494.000000
-2757.000000
-3300.000000
-2324.000000
-1538.000000
-2781.000000
-4132.000000
-1545.000000
-3779.000000
-490.000000
-1646.000000
-1957.000000
-3063.000000
-3306.000000
-2472.000000
-576.000000
-1622.000000
-569.000000
-880.000000
-1740.000000
-1164.000000
-3145.000000
-1704.000000
-1552.000000
-1123.000000
-591.000000
-1583.000000
-2016.000000
-1692.000000
-3816.500000
-1505.000000
-2325.000000
-1894.000000
-3056.500000
-2521.000000
-757.000000
-2144.000000
-2476.000000
-4336.500000
-615.000000
-2560.000000
-373.000000
-1055.500000
-2932.000000
-2291.000000
-1929.000000
-2266.000000
-2737.000000
-347.000000
-2050.500000
-1072.000000
-1859.000000
-3294.000000
-3524.000000
-976.000000
-325.500000
-4835.000000
-512.000000
-331.000000
-2678.000000
-1889.000000
-864.000000
-3913.500000
-1169.000000
-1131.000000
-1383.000000
-1961.000000
-6167.000000
-2502.000000
-1776.000000
-467.000000
-5056.000000
-462.000000
-3378.000000
-2411.000000
-555.000000
-2440.000000
-1987.500000
-2167.500000
-831.000000
-2815.000000
-1961.000000
-985.000000
-886.000000
-3040.500000
-782.000000
-2061.000000
-3394.000000
-3219.000000
-1466.000000
-1715.000000
-5590.000000
-475.000000
-2529.000000
-2297.000000
-2932.000000
-1819.000000
-3219.000000
-1043.000000
-2516.000000
-1535.000000
-1612.000000
-668.000000
-1055.000000
-2132.000000
-870.000000
-2398.000000
-2057.000000
-2823.000000
-897.000000
-1017.000000
-3007.000000
-435.000000
-810.000000
-1295.000000
-2715.500000
-2639.000000
-1461.000000
-1683.000000
-3118.000000
-1009.000000
-2722.000000
-1101.000000
-3309.500000
-2671.000000
-1703.000000
-1957.000000
-1988.000000
-994.000000
-3458.000000
-351.000000
-1840.000000
-448.000000
-1164.000000
-1331.000000
-1765.000000
-3341.000000
-1586.000000
-915.000000
-599.000000
-1844.000000
-1210.000000
-1278.000000
-2579.000000
-2337.000000
-591.000000
-1250.000000
-908.000000
-3014.000000
-2030.000000
-1713.000000
-1939.000000
-1311.000000
-1152.000000
-2916.000000
-4724.000000
-2182.000000
-1998.000000
-640.000000
-411.000000
-2956.000000
-2228.000000
-477.000000
-1188.000000
-1243.000000
-2066.000000
-5095.000000
-810.000000
-277.000000
-1721.000000
-618.000000
-3309.000000
-2146.000000
-558.000000
-1100.500000
-1235.000000
-2214.000000
-2279.000000
-6623.500000
-1074.000000
-3096.000000
-1771.000000
-373.000000
-2645.000000
-1513.000000
-2480.000000
-1156.000000
-1032.000000
-891.000000
-1188.500000
-1808.000000
-1887.000000
-2657.000000
-1750.000000
-2846.000000
-4413.000000
-919.000000
-2908.500000
-1819.000000
-2079.000000
-1011.000000
-1275.000000
-1595.000000
-1999.000000
-1405.000000
-621.000000
-485.000000
-1805.000000
-3656.000000
-2822.500000
-3749.000000
-1671.000000
-1672.000000
-699.500000
-440.000000
-2532.500000
-1501.000000
-3283.000000
-879.000000
-1438.000000
-1359.000000
-3206.500000
-2254.000000
-2491.000000
-2292.000000
-2105.000000
-559.000000
-1689.000000
-1739.000000
-3086.000000
-3057.000000
-2564.000000
-1823.000000
-3349.000000
-4081.000000
-1058.000000
-2063.000000
-334.000000
-2056.000000
-2052.000000
-1312.000000
-3035.000000
-1002.500000
-4128.000000
-2011.000000
-2094.500000
-477.000000
-932.000000
-983.000000
-2778.000000
-2344.000000
-2198.500000
-1360.000000
-1844.000000
-3742.500000
-808.000000
-2621.000000
-2546.000000
-2883.000000
-983.000000
-2274.000000
-823.000000
-2656.000000
-2346.000000
-2303.000000
-1686.000000
-1015.000000
-647.000000
-931.000000
-2507.000000
-1229.000000
-908.000000
-4940.000000
-2452.000000
-3446.000000
-3019.000000
-2899.000000
-2722.000000
-830.000000
-1773.500000
-1878.000000
-1446.000000
-2260.000000
-4619.000000
-1022.000000
-2730.500000
-4775.500000
-732.000000
-2094.000000
-509.000000
-1271.000000
-3341.000000
-866.500000
-1755.000000
-457.000000
-954.000000
-484.000000
-1452.000000
-683.000000
-147.000000
-3654.000000
-2803.500000
-1698.000000
-1368.000000
-461.000000
-2552.000000
-1878.000000
-1699.000000
-4267.500000
-832.000000
-2414.000000
-920.000000
-347.000000
-760.000000
-931.000000
-346.000000
-1419.000000
-1188.000000
-357.000000
-2494.000000
-2278.000000
-2035.500000
-1158.000000
-1831.000000
-1483.000000
-1937.500000
-3656.000000
-2040.000000
-3077.000000
-201.000000
-1366.000000
-532.000000
-462.000000
-1138.000000
-3630.000000
-2154.000000
-878.000000
-2125.000000
-3837.000000
-1848.000000
-951.000000
-1782.000000
-1425.000000
-3615.500000
-3373.000000
-2511.000000
-1359.000000
-1187.000000
-561.000000
-368.000000
-1299.000000
-429.000000
-1066.000000
-371.000000
-3478.000000
-2693.000000
-458.000000
-1928.000000
-1864.000000
-2292.000000
-406.000000
-3663.500000
-1405.000000
-3192.000000
-647.000000
-2633.000000
-1227.000000
-3246.000000
-975.000000
-2488.000000
-574.000000
-3343.500000
-3610.000000
-2149.000000
-1811.500000
-4438.500000
-3599.000000
-3264.000000
-2155.000000
-2024.000000
-1585.500000
-1605.000000
-4854.500000
-1562.000000
-833.000000
-1439.000000
-1491.000000
-1809.000000
-1197.000000
-1058.000000
-1750.000000
-4595.500000
-828.500000
-1123.000000
-377.000000
-2142.500000
-556.000000
-3753.000000
-3413.500000
-2682.000000
-2535.000000
-427.500000
-1284.000000
-673.000000
-1259.500000
-1402.000000
-1014.000000
-2570.000000
-1020.000000
-1619.000000
-1144.000000
-751.500000
-27.000000
-3137.000000
-1665.000000
-2562.000000
-1830.000000
-325.000000
-3350.000000
-3502.000000
-1669.000000
-1752.000000
-297.000000
-2364.000000
-1355.000000
-973.000000
-1286.000000
-2676.500000
-1542.000000
-1367.000000
-1089.000000
-4103.500000
-326.000000
-2127.000000
-456.000000
-1523.000000
-924.000000
-3044.000000
-1200.500000
-1333.000000
-2342.000000
-579.000000
-2183.000000
-1267.000000
-1769.500000
-1241.000000
-1118.000000
-2429.000000
-4268.000000
-849.000000
-1927.000000
-318.000000
-1416.000000
-519.000000
-2986.000000
-2297.000000
-1749.000000
-4790.000000
-1299.000000
-2238.000000
-1629.000000
-250.000000
-1330.000000
-2883.000000
-2136.000000
-636.000000
-342.000000
-1325.000000
-1641.000000
-538.000000
-1650.000000
-2966.000000
-2075.000000
-429.000000
-117.000000
-574.000000
-1133.000000
-2393.500000
-2008.000000
-647.000000
-744.000000
-1439.500000
-1158.000000
-1351.000000
-2078.000000
-2837.500000
-2791.000000
-425.000000
-2645.000000
-1601.500000
-3327.000000
-1277.500000
-523.000000
-2085.000000
-5549.500000
-1278.000000
-2947.000000
-1642.000000
-726.000000
-309.000000
-3651.000000
-2130.000000
-3368.500000
-2680.000000
-264.000000
-2095.000000
-3847.500000
-1137.000000
-2087.000000
-2797.000000
-3105.000000
-3625.000000
-3859.000000
-281.000000
-1601.000000
-1709.000000
-2710.000000
-626.000000
-566.000000
-3212.000000
-2620.000000
-1501.000000
-589.500000
-4707.000000
-1469.500000
-3112.000000
-996.000000
-347.000000
-3542.000000
-1976.000000
-1348.000000
-286.500000
-2305.000000
-4674.000000
-2799.000000
-2814.000000
-2119.000000
-1809.000000
-1299.000000
-1496.000000
-281.000000
-3721.000000
-2390.000000
-1371.000000
-2639.000000
-436.000000
-1128.000000
-581.000000
-3278.000000
-1385.000000
-427.000000
-2286.000000
-3501.500000
-378.000000
-1273.000000
-3805.500000
-1960.000000
-449.000000
-280.000000
-296.000000
-1802.000000
-1603.000000
-626.000000
-3483.500000
-2304.500000
-2271.000000
-5279.500000
-2410.000000
-1549.000000
-493.000000
-1088.000000
-1373.000000
-1115.000000
-2751.000000
-950.000000
-2690.000000
-170.000000
-856.000000
-1647.000000
-1590.000000
-290.000000
-532.000000
-1250.000000
-1190.000000
-1797.000000
-1133.000000
-3504.000000
-1568.000000
-689.000000
-769.500000
-2067.000000
-1201.500000
-1627.000000
-5090.000000
-2269.000000
-2332.500000
-2674.000000
-764.500000
-811.000000
-3548.000000
-2655.500000
-2099.000000
-3025.000000
-2111.000000
-1346.000000
-1299.000000
-1896.000000
-2094.000000
-902.000000
-1691.500000
-3759.000000
-1087.000000
-2803.000000
-1258.000000
-1542.000000
-916.000000
-2388.000000
-509.000000
-1097.000000
-2447.500000
-2097.000000
-811.000000
-1847.000000
-2089.000000
-2537.000000
-2562.000000
-4152.000000
-2702.000000
-3745.500000
-2644.000000
-2876.000000
-1183.000000
-790.000000
-3207.000000
-3922.000000
-3274.000000
-2426.000000
-1854.000000
-2442.000000
-528.000000
-1506.000000
-666.000000
-400.000000
-588.000000
-1559.500000
-2850.000000
-4079.000000
-1487.000000
-2607.000000
-849.000000
-917.500000
-5722.500000
-1800.000000
-108.000000
-688.000000
-720.000000
-2091.500000
-2150.000000
-935.000000
-3515.000000
-3594.000000
-2514.000000
-3419.000000
-3083.000000
-1994.000000
-3028.500000
-3181.500000
-904.000000
-1089.500000
-2002.000000
-2493.000000
10.000000
-318.000000
-754.000000
-2344.000000
-1389.000000
-405.000000
-1419.000000
-3985.500000
-2141.000000
-5926.000000
-1380.000000
-664.000000
-3472.000000
-1323.000000
-1175.000000
-1030.000000
-3221.500000
-2174.500000
-3162.000000
-2262.000000
-2529.000000
-993.000000
-3644.000000
-2003.000000
-1426.000000
-2500.000000
-2919.000000
-1965.000000
-1332.000000
-1330.000000
-2001.000000
-2884.500000
-2303.000000
-4258.500000
-2740.000000
-1244.000000
-1979.000000
-1881.500000
-3657.000000
-1687.000000
-2422.000000
-3753.000000
-1021.000000
-3244.000000
-1070.000000
-3949.000000
-373.000000
-1516.500000
-2812.000000
-1746.500000
-2221.000000
-3450.500000
-2122.000000
-3741.000000
-849.000000
-882.000000
-2057.000000
-2523.000000
-2398.500000
-5177.000000
-1264.000000
-1049.000000
-1882.000000
-1198.000000
-2183.000000
-1752.000000
-1474.000000
-899.000000
-987.000000
-272.000000
-297.000000
-1493.000000
-885.000000
-1427.000000
-1285.000000
-2004.000000
-1938.000000
-1286.500000
-2318.000000
-2476.000000
-1428.000000
-439.000000
-1427.000000
-2514.000000
-5272.000000
-4398.000000
-1122.000000
-3780.000000
-1699.000000
-1555.000000
-1569.000000
-4030.000000
-966.500000
-819.000000
-3175.000000
-925.500000
-2687.000000
-911.000000
-3152.000000
-1392.000000
-2109.000000
-7038.500000
-1232.000000
-1707.000000
-517.000000
-1115.000000
-2013.000000
-1333.500000
-2402.500000
-1619.000000
-4225.500000
-566.000000
-2922.500000
-2627.000000
-3600.000000
-2167.000000
-1390.000000
-950.000000
-3972.000000
-920.000000
-548.000000
-1194.000000
-1694.000000
-289.000000
-435.000000
-1271.000000
-979.000000
-897.000000
-1074.000000
-2967.000000
-2675.000000
-4105.000000
-2238.000000
-1211.000000
-574.000000
-1020.000000
-696.000000
-1538.000000
-1686.000000
-997.000000
-79.000000
-222.000000
-1299.000000
-4591.000000
-2931.500000
-1525.000000
-1683.000000
-966.000000
-1931.000000
-1999.000000
-1958.500000
-1069.000000
-1412.000000
-1927.000000
-1730.000000
-2519.000000
-1741.000000
-2273.000000
99.000000
-1578.000000
-3121.500000
-3318.000000
-672.000000
-200.000000
-710.000000
-1106.000000
-1623.500000
-2877.000000
-299.500000
-1782.000000
-2060.000000
-1784.000000
-3102.000000
-1302.000000
-940.500000
-1428.000000
-2118.500000
-2566.500000
-2899.000000
-1411.000000
-296.500000
-1569.000000
-2076.000000
-3842.000000
-224.000000
-293.000000
-270.000000
-3357.500000
-3872.000000
-225.500000
-3152.500000
-923.000000
-920.000000
-5338.000000
-4491.000000
-3630.500000
-2571.000000
-887.000000
-3252.500000
-271.000000
-1217.000000
-1914.000000
-725.000000
-1483.000000
-873.000000
-175.500000
-664.000000
-1038.000000
-993.000000
-1606.000000
-822.000000
-2723.000000
-986.000000
-2890.500000
-1194.000000
-866.000000
-568.000000
-1282.000000
-2277.000000
-743.000000
-3334.000000
-1352.000000
-1309.000000
-2091.000000
-1132.000000
-686.000000
-1175.000000
-3403.500000
-2013.000000
-2059.000000
-2819.000000
-601.000000
-641.000000
-221.000000
-1931.000000
-835.000000
-2958.000000
-1773.000000
-1223.000000
-2690.500000
-2378.000000
-1312.000000
-1836.000000
-1783.000000
-155.000000
-1506.000000
-1993.000000
-1488.000000
-2371.000000
-1206.000000
-2623.000000
-2728.000000
-1786.000000
-1627.000000
-1966.000000
-1519.000000
-2512.000000
-440.000000
-2359.000000
-1338.000000
-625.000000
-2257.000000
-1010.000000
-340.000000
-2636.000000
-1448.000000
-2743.000000
-941.000000
-812.000000
-2317.000000
-2174.000000
-227.000000
-3114.000000
-2789.000000
-952.000000
-2076.000000
-701.000000
-3284.000000
-4670.000000
-2112.000000
-1750.000000
-1065.000000
-1764.000000
-2663.000000
-1797.000000
-2198.000000
-771.500000
-2675.000000
-684.500000
-1351.000000
-220.000000
-2523.000000
-3606.000000
-1437.000000
-2490.000000
-237.000000
-2498.000000
-2036.000000
-1110.000000
-3450.000000
-489.000000
-2953.500000
-275.000000
-5261.000000
-1806.500000
-1199.000000
-2006.000000
-2592.000000
-636.000000
-775.500000
-1342.000000
-2208.000000
-2529.000000
-1032.000000
-2120.000000
-1199.500000
-748.000000
-1032.000000
-2464.500000
-401.000000
-1525.000000
-1603.000000
-378.000000
-3575.500000
-2884.000000
-1131.000000
-1277.000000
-467.000000
-2909.000000
-1144.000000
-924.000000
-2369.000000
-2651.000000
-1785.000000
-1741.000000
-958.000000
-716.000000
-312.000000
-237.000000
-950.000000
-427.000000
-267.000000
-1116.000000
-945.000000
-2864.000000
-1625.000000
-1660.000000
-1866.000000
-2171.000000
-1698.000000
-2274.000000
-759.000000
-3335.000000
-2979.000000
-2120.000000
-1619.000000
-2017.000000
25.000000
-1118.000000
-2730.000000
-2257.000000
-1882.000000
-4662.000000
-1296.000000
-2851.000000
-2326.000000
-2805.000000
-209.000000
-974.000000
-947.000000
-4316.500000
-238.000000
-260.000000
-975.000000
-3037.500000
-635.000000
-1404.000000
-246.000000
-1668.000000
-1994.500000
-1095.000000
-3406.000000
-1610.000000
-1475.000000
-2432.000000
-3590.000000
-1761.000000
-644.000000
-1025.000000
-1624.000000
-1186.000000
-249.000000
-1275.000000
-2519.000000
-2817.500000
-323.000000
-1219.000000
-3019.000000
-1354.000000
-1166.000000
-3207.000000
-2551.500000
-341.000000
-1931.000000
-1458.000000
-1906.000000
-2289.000000
-213.000000
-1961.000000
-974.000000
-2656.000000
-972.000000
-3413.500000
-1112.000000
-2884.000000
-1896.000000
-746.000000
-285.000000
-1170.000000
-370.000000
-572.000000
-353.000000
-1908.000000
-3879.000000
-2515.000000
-2918.000000
-1522.000000
-2194.000000
-3823.000000
-870.000000
-800.000000
-1652.500000
-1329.000000
-279.000000
-716.000000
-2034.000000
-3075.000000
-1121.500000
-1732.000000
-419.000000
-2222.000000
-822.000000
-1019.000000
-2293.000000
-943.000000
-885.000000
-2173.000000
-1393.000000
-1476.000000
-963.000000
-2204.000000
-4110.000000
-1082.000000
-2657.000000
-1754.000000
-3488.000000
-233.000000
-2479.000000
-2004.000000
-2351.000000
-783.000000
-3078.000000
-2424.000000
-2006.000000
-2120.000000
-2302.000000
-3036.500000
-832.000000
-1886.000000
-2842.000000
-2151.000000
-1008.000000
-3768.500000
-981.000000
-1673.000000
-1595.000000
-2626.000000
-391.000000
-588.000000
-237.000000
-2999.000000
-2022.000000
-1478.000000
-870.000000
-2554.000000
-784.000000
-1943.000000
-377.000000
-2785.000000
-641.000000
-3661.000000
-730.000000
-1191.000000
-293.000000
-1318.000000
-1683.500000
-2011.000000
-281.000000
-3345.000000
-3003.000000
-823.000000
-909.000000
-1113.000000
-1270.000000
-1302.000000
-557.000000
-2224.000000
-85.000000
-1476.000000
-1793.000000
-2776.000000
49.000000
-2722.000000
