-8427.500000
-6314.000000
-10736.000000
-10342.000000
-8101.500000
-7576.000000
-9702.000000
-10412.000000
-9068.000000
-8016.000000
-6813.000000
-8306.500000
-7232.500000
-9639.000000
-7632.000000
-8900.000000
-6032.500000
-7376.500000
-8899.000000
-5619.500000
-8431.500000
-7437.000000
-6920.000000
-7052.000000
-8397.000000
-4901.500000
-6682.000000
-7455.000000
-6444.500000
-6500.000000
-12070.000000
-8718.000000
-8753.000000
-7099.500000
-7512.000000
-7866.000000
-7150.500000
-5727.000000
-7920.000000
-5009.000000
-4890.000000
-7608.000000
-7613.000000
-10752.000000
-8243.000000
-7398.000000
-7958.500000
-5863.500000
-8602.500000
-6186.000000
-8352.000000
-9223.500000
-10858.000000
-8854.000000
-7131.000000
-8087.000000
-7834.000000
-9050.000000
-5116.000000
-5782.000000
-8129.500000
-6547.500000
-5522.000000
-6297.000000
-6472.000000
-8528.000000
-6054.000000
-5369.500000
-6348.000000
-8695.000000
-6565.500000
-8391.500000
-7944.000000
-4813.000000
-6617.000000
-9205.500000
-6745.000000
-6383.000000
-6063.000000
-5442.500000
-5186.500000
-6276.000000
-5449.000000
-5713.000000
-9483.500000
-10159.000000
-6489.000000
-5306.000000
-8419.000000
-7070.500000
-5438.500000
-7556.000000
-3509.500000
-6101.500000
-7314.500000
-5384.000000
-8028.000000
-4814.500000
-6202.000000
-5806.500000
-2709.000000
-6613.000000
-3642.000000
-6012.000000
-6839.500000
-5599.500000
-5635.500000
-7242.000000
-5390.000000
-7832.000000
-4744.000000
-5331.000000
-7037.000000
-7494.500000
-4928.500000
-4407.500000
-8181.500000
-6202.500000
-2470.000000
-3996.000000
-6573.500000
-6895.000000
-7718.000000
-3504.000000
-4768.000000
-3928.500000
-4210.000000
-3119.000000
-9507.500000
-5823.000000
-3268.500000
-4916.000000
-4508.000000
-3579.500000
-4365.000000
-2528.500000
-4027.000000
-4984.500000
-4358.500000
-6008.000000
-3333.000000
-4272.500000
-5185.000000
-4022.000000
-5352.000000
-4546.000000
-4085.500000
-3404.000000
-5234.500000
-7375.000000
-4219.000000
-8155.500000
-5494.000000
-7346.500000
-4823.000000
-4373.500000
-6819.000000
-8081.500000
-3778.000000
-4199.500000
-8079.000000
-6995.000000
-3902.000000
-5488.500000
-7391.500000
-4764.500000
-3325.500000
-4258.500000
-6189.500000
-3974.000000
-5726.000000
-5264.000000
-3432.500000
-3221.000000
-5199.000000
-5936.000000
-2267.500000
-3031.000000
-1145.000000
-7365.000000
-5963.000000
-3158.000000
-3015.000000
-6918.000000
-3215.000000
-3942.500000
-3773.500000
-4839.000000
-4639.000000
-2925.500000
-4252.000000
-4476.000000
-5948.000000
-3876.000000
-8923.000000
-3726.000000
-4102.500000
-3939.000000
-5428.000000
-4756.500000
-4404.000000
-3237.500000
-4155.500000
-3554.000000
-4975.500000
-3876.000000
-2817.000000
-3282.000000
-2379.000000
-2081.000000
-7262.000000
-8536.000000
-2144.000000
-4046.000000
-4294.500000
-4484.000000
-3220.500000
-2608.000000
-3816.500000
-4336.000000
-4096.500000
-2851.000000
-4592.000000
-3126.000000
-3195.000000
-5218.000000
-4225.000000
-5871.000000
-4204.500000
-5192.000000
-3326.000000
-6601.000000
-3488.000000
-4699.000000
-3053.500000
-5361.500000
-5989.500000
-5678.000000
-3145.000000
-5378.500000
-3231.500000
-5000.000000
-2426.500000
-2466.000000
-7319.500000
-2736.500000
-3644.000000
-2491.000000
-3418.000000
-6195.000000
-3436.000000
-3204.000000
-4581.000000
-4400.000000
-3171.000000
-4017.000000
-2226.500000
-7988.000000
-5825.000000
-1634.000000
-4973.500000
-3865.000000
-2297.000000
-6069.000000
-4183.000000
-2396.000000
-6248.000000
-2722.000000
-3119.000000
-3382.000000
-2821.000000
-3307.000000
-3653.000000
-5917.500000
-4644.000000
-5805.000000
-1932.000000
-4489.000000
-3039.000000
-1633.000000
-3953.500000
-2198.000000
-1941.000000
-4681.000000
-2811.000000
-4355.000000
-2227.000000
-1861.500000
-4713.000000
-2976.500000
-3065.000000
-2256.000000
-4985.000000
-2755.000000
-3213.000000
-2859.000000
-2963.500000
-6237.500000
-3578.000000
-4665.000000
-2132.000000
-3057.000000
-2634.000000
-5872.000000
-7492.000000
-1964.000000
-1685.500000
-4974.000000
-6091.000000
-2796.500000
-6440.000000
-3434.500000
-2795.500000
-3297.000000
-3009.000000
-3295.000000
-2375.000000
-2720.500000
-3699.500000
-2855.000000
-4578.000000
-3282.500000
-2987.000000
-4512.000000
-1930.000000
-4679.500000
-4636.000000
-1888.000000
-3166.500000
-4452.000000
-4090.000000
-3034.000000
-2579.000000
-3299.000000
-4108.500000
-2906.000000
-2997.000000
-4517.000000
-1309.500000
-1827.000000
-4228.000000
-3439.000000
-2983.000000
-4561.500000
-5964.000000
-814.000000
-5445.500000
-3154.000000
-2462.000000
-3513.500000
-4086.000000
-2048.000000
-3396.000000
-5010.000000
-2862.000000
-2062.000000
-4366.000000
-1835.500000
-5586.000000
-3120.500000
-1325.000000
-2408.000000
-3850.000000
-3087.000000
-5185.500000
-3098.000000
-1789.500000
-3716.000000
-1367.000000
-2198.000000
-5093.500000
-1911.500000
-4350.000000
-1672.000000
-2597.000000
-4924.000000
-3253.000000
-747.000000
-3294.000000
-3438.000000
-2165.000000
-3196.000000
-2636.500000
-1199.000000
-3292.000000
-2900.000000
-3127.000000
-2709.000000
-1743.000000
-3053.000000
-3984.500000
-2673.000000
-2973.000000
-2523.000000
-5814.000000
-3929.000000
-1113.000000
-2330.000000
-2957.000000
-4021.000000
-1017.000000
-2143.500000
-4566.000000
-4097.000000
-2838.000000
-1800.000000
-4138.500000
-1382.000000
-1902.000000
-1372.000000
-798.000000
-2640.000000
-2676.000000
-2810.000000
-2882.000000
-3740.000000
-2219.000000
-2702.000000
-4740.000000
-3853.500000
-4070.000000
-2930.000000
-1295.000000
-1594.000000
-2264.500000
-2880.000000
-3977.500000
-3018.000000
-2665.000000
-3580.000000
-2318.000000
-5685.500000
-3914.000000
-1129.000000
-2541.000000
-1377.500000
-4370.500000
-3373.000000
-2301.000000
-2155.000000
-735.000000
-3047.000000
-1917.500000
-2973.000000
-3625.500000
-3346.500000
-3439.000000
-1903.000000
-5416.500000
-783.000000
-1498.000000
-3934.000000
-3088.500000
-955.000000
-2168.000000
-2990.000000
-3018.000000
-2379.000000
-1475.500000
-6021.000000
-2109.000000
-2385.000000
-4277.000000
-1799.500000
-2408.000000
-3476.500000
-4088.000000
-1709.000000
-1740.000000
-4052.000000
-2260.000000
-3120.000000
-4614.000000
-1162.000000
-1276.000000
-3698.000000
-2029.500000
-2569.000000
-2522.000000
-371.000000
-106.000000
-2019.000000
-3411.000000
-4300.500000
-4555.000000
-3030.500000
-814.000000
-821.000000
-1712.000000
-3552.000000
-3008.500000
-572.000000
-4365.500000
-4802.000000
-4616.000000
-576.000000
-2728.000000
-3576.000000
-3114.500000
-3227.000000
-2711.500000
-1257.500000
-4400.000000
-1916.000000
-4299.000000
-1306.000000
-1777.000000
-1592.000000
-1059.000000
-1910.000000
-2633.000000
-2067.000000
-3196.500000
-2411.500000
-2057.000000
-3330.000000
-4245.000000
-2920.000000
-418.000000
-1062.000000
-2738.000000
-1231.000000
-3499.500000
-3402.000000
-2717.000000
-4992.000000
-4789.000000
-3373.500000
-1512.000000
-4160.000000
-1022.000000
-1424.000000
-5268.500000
-1969.500000
-4210.000000
-1674.000000
-2546.000000
-4502.000000
-1831.000000
-1240.000000
-451.000000
-3928.000000
-1897.000000
-727.000000
-1249.000000
-1416.000000
-4812.000000
-3049.000000
-2244.000000
-2788.500000
-1906.500000
-2243.000000
-2229.000000
-3469.000000
-2523.500000
-3303.000000
-1152.000000
-1082.000000
-859.000000
-2586.000000
-1600.000000
-3041.000000
-2789.000000
-518.000000
-652.500000
-1577.000000
-656.000000
-2871.000000
-3530.500000
-2571.000000
-1183.000000
-2223.500000
-5949.000000
-4664.500000
-1717.000000
-2224.000000
-2347.000000
-3375.000000
-1541.000000
-1651.000000
-1359.000000
-1807.000000
-1659.000000
-2767.000000
-4336.000000
-2044.000000
-950.000000
-1587.000000
-2304.000000
-1356.000000
-2923.000000
-2530.500000
-1760.000000
-3233.000000
-3849.000000
-3167.000000
-1234.000000
-835.000000
-2908.000000
-639.000000
-2950.000000
-1677.000000
-2503.000000
-2724.000000
-1777.000000
-1979.000000
-2147.000000
-265.000000
-2153.000000
-1013.000000
-2145.000000
-2738.000000
-1520.000000
-1419.000000
-6221.000000
-4569.000000
-3290.000000
-3199.000000
-1472.000000
-3326.000000
-683.000000
-483.000000
-3290.000000
-1375.000000
-1009.000000
-1332.000000
-1647.000000
-412.000000
-1543.000000
-441.000000
-1068.000000
-601.000000
-737.000000
-996.000000
-996.000000
-1267.000000
-1091.000000
-2265.000000
-1000.000000
-2460.000000
-507.000000
-2247.000000
-1905.000000
-1013.000000
-2596.000000
-585.000000
-2258.000000
-397.000000
-5341.000000
-3127.000000
-851.000000
-2821.000000
-797.000000
-1769.500000
-2055.000000
-2544.000000
-1781.000000
-685.000000
-2553.000000
-725.000000
-2493.000000
-821.000000
-1194.000000
-421.000000
-1386.000000
-2818.000000
-422.000000
-2384.000000
-2059.000000
-4458.000000
-771.000000
-2132.000000
-3307.500000
115.000000
-866.000000
-2425.000000
-2583.000000
-830.000000
-3580.000000
-400.000000
-2486.000000
-1637.000000
-233.000000
-1471.000000
-3166.000000
-2917.000000
-3955.500000
-3403.500000
-3818.500000
-759.000000
-2586.500000
-3516.000000
-1655.000000
-1181.000000
-2050.000000
-938.000000
-2040.500000
-2229.500000
-770.000000
-1110.500000
-239.000000
-2890.000000
-3343.000000
-2681.500000
-2063.000000
-1167.000000
-3271.500000
-1996.000000
-1354.000000
-1135.000000
-1047.000000
-3163.000000
-2171.000000
-1507.000000
-1865.000000
-1871.000000
-1891.000000
-4351.000000
-1775.000000
-2621.000000
-487.000000
-1853.000000
-2921.000000
-3091.000000
-1755.000000
-2607.000000
-3631.000000
-1911.000000
-412.000000
-4398.000000
-2644.000000
-662.000000
-2222.000000
-18.000000
-1608.000000
-2159.000000
-3803.000000
-1802.000000
-1264.000000
-1046.000000
-1236.000000
-445.000000
-2113.500000
-1506.000000
-3035.000000
-864.000000
-1327.500000
-1619.500000
-3820.000000
-13.000000
-1552.000000
-1713.500000
-447.000000
-1352.000000
-1848.000000
-1327.000000
-5123.500000
-866.000000
-2245.500000
-2311.000000
-2000.000000
-3398.000000
-902.000000
-1781.000000
-506.000000
-1937.000000
-1735.000000
-921.000000
-1518.000000
-786.000000
-2530.000000
-701.000000
-2932.000000
-3228.000000
-2441.000000
-1006.000000
-816.000000
-1390.500000
-3414.000000
-3741.500000
-1302.000000
-2391.500000
-879.000000
-2962.000000
-657.000000
-2423.000000
-4353.000000
-3716.000000
-26.000000
-2745.000000
-5213.500000
-2276.000000
-253.000000
-2046.000000
-3442.000000
-1482.000000
-17.000000
-553.000000
-1563.500000
-1143.000000
-268.000000
-3921.000000
-1001.000000
-2379.000000
-431.000000
-3775.000000
-987.000000
-2378.000000
-645.000000
-921.500000
-2150.000000
-4453.500000
-3022.000000
-1885.000000
-1504.000000
-1771.500000
-801.000000
-1262.000000
-3641.000000
-3199.000000
-965.000000
-1767.000000
-443.000000
-404.000000
-784.000000
-1159.000000
-1709.000000
-1012.000000
-1499.000000
-2461.000000
-1727.000000
-497.000000
-1838.000000
-415.000000
-449.000000
-768.000000
-562.000000
-1664.000000
-2945.000000
-2562.000000
-2914.500000
-2966.500000
-3861.000000
-2994.000000
202.000000
-5434.000000
-4591.000000
-376.000000
-1937.000000
-1546.000000
-1901.500000
-2381.000000
-1460.000000
-1242.000000
-3696.000000
-3720.000000
-3351.500000
-536.000000
-2624.000000
-3226.000000
-2219.000000
-3451.000000
-24.000000
-801.000000
-2394.000000
-4408.000000
-1145.000000
-3329.000000
-572.500000
-2545.000000
-3037.000000
-16.000000
-1393.000000
-2598.000000
-338.000000
-841.000000
-650.000000
-2509.000000
-2654.000000
-2166.000000
-2855.000000
-1905.000000
-738.000000
-3165.000000
-606.000000
-736.000000
-1042.000000
-3404.000000
-501.000000
-1871.000000
-2198.500000
-873.000000
-3343.000000
-1912.000000
-719.000000
-1505.000000
-4250.000000
-1753.000000
-525.000000
-2436.000000
-1659.000000
-1067.000000
-392.000000
-1835.000000
3.000000
-436.000000
2.000000
-504.000000
-854.000000
-1703.000000
-838.000000
-2854.000000
-930.000000
-1376.000000
-4682.500000
-3306.000000
-1881.500000
-110.000000
-1042.000000
-1934.000000
3.000000
-488.000000
-928.000000
-1939.000000
-910.000000
-2492.000000
-1406.000000
-275.000000
-701.000000
-3326.000000
-2168.500000
-2910.000000
-1370.000000
-2677.000000
-1141.000000
-753.000000
-1587.000000
-1342.000000
-3597.000000
-2777.000000
-2435.000000
-3891.500000
-861.000000
-1076.000000
-3378.500000
42.000000
-2824.500000
-1921.000000
-2480.500000
-2124.000000
-1174.500000
-2988.000000
-196.000000
-1539.000000
-2709.000000
-2877.000000
-2150.000000
-3131.000000
-1491.000000
-1316.000000
-3003.000000
-1977.000000
-1700.000000
-606.000000
-4396.000000
-2659.000000
-207.000000
-477.000000
-3.000000
-526.000000
-1633.000000
-2733.000000
-3773.000000
-49.000000
-300.000000
-2481.000000
-1208.000000
-1311.000000
-7279.500000
-1250.000000
-2379.000000
-2619.000000
-1126.000000
-2111.000000
-1802.000000
-2734.000000
-1853.000000
-794.000000
-1413.000000
-1982.000000
-1643.000000
-3036.000000
-1469.000000
-1180.000000
-1650.000000
-2702.000000
-3975.000000
-784.000000
-819.000000
-2780.000000
-2715.000000
-2154.000000
-1948.000000
-1466.000000
-821.000000
-1694.000000
-1279.000000
-3236.000000
-57.000000
-778.000000
-381.000000
-2405.000000
-516.000000
-1052.000000
-1496.000000
-3729.000000
-1708.000000
-4390.000000
-597.000000
-19.000000
-3329.000000
-1404.000000
-854.000000
-2659.000000
-2440.000000
-1622.000000
-414.000000
-282.000000
-1928.000000
-419.000000
-1170.500000
-2125.000000
-2898.000000
-2751.000000
-2481.000000
-2176.000000
-3298.000000
-5379.000000
-1463.000000
-237.000000
-316.000000
-1107.000000
-102.500000
-973.000000
-1164.000000
-1465.000000
-1644.000000
-217.000000
-1398.000000
-4445.000000
-1644.000000
-2280.000000
-1548.000000
-2604.000000
169.000000
-2864.000000
-407.000000
-2332.500000
-3135.000000
-943.000000
-924.000000
-2468.000000
-2868.000000
-1089.000000
-1923.000000
-2514.000000
-1020.000000
-2080.000000
-1255.000000
-2227.000000
-1085.000000
-2404.000000
-565.000000
-4795.000000
-1923.000000
-257.000000
-2500.000000
-348.000000
-4171.000000
-1056.000000
-1914.000000
-3204.000000
-1598.000000
-762.500000
-2245.000000
-218.000000
-1767.000000
-1772.000000
-1575.000000
-1044.000000
-1778.000000
-314.000000
-1735.000000
-984.000000
-505.500000
-1831.000000
-820.000000
-1854.000000
-761.000000
-2504.000000
84.000000
-615.000000
-2039.000000
-438.500000
-2620.000000
-1010.000000
-1739.000000
-1472.000000
-529.000000
-1802.000000
-517.000000
-1885.000000
-272.000000
-3843.500000
-1782.000000
-417.000000
-1357.500000
-1627.000000
-1057.000000
-5257.000000
-2721.000000
-2303.000000
-962.000000
-1750.000000
-513.000000
-254.000000
-3317.000000
-2307.000000
97.000000
-581.000000
-1749.000000
-3037.500000
-2330.000000
-911.000000
-1460.000000
-2448.000000
-1491.000000
-1568.000000
-416.000000
-890.000000
-1062.000000
-1175.000000
-134.000000
132.000000
-806.000000
-1936.000000
-3637.000000
-3722.000000
-2613.000000
-1659.000000
-2210.000000
-188.000000
-362.000000
-3896.000000
-1249.000000
-552.000000
-2624.000000
-3050.000000
-413.000000
-1088.000000
-1247.000000
-2604.000000
-16.000000
-738.000000
-1031.000000
-1230.000000
-1519.000000
-495.000000
-1191.000000
-239.000000
-3983.000000
-3020.000000
-1556.000000
-6767.000000
-1062.000000
-1707.000000
-2332.000000
-1607.000000
-1004.000000
-2619.000000
-2117.000000
-849.000000
-3345.000000
-533.000000
-1271.000000
-3403.000000
-3125.000000
-3084.000000
-874.000000
-1149.000000
-1214.000000
-807.000000
-50.000000
-3881.000000
-1272.000000
-1768.000000
-2285.000000
-5497.000000
-3236.000000
-1371.000000
-1390.000000
-1440.000000
-3900.000000
-2941.000000
-3128.000000
-713.000000
-2515.000000
-2816.000000
-530.000000
-1333.000000
-2449.000000
-1504.000000
-2302.000000
-897.000000
-426.000000
-1162.000000
-1852.000000
-1543.000000
-2291.000000
-2074.000000
-2510.000000
-3150.000000
-853.000000
-1336.000000
-796.000000
-93.000000
-2288.000000
-1577.000000
-3217.000000
-1498.000000
-956.000000
-2041.000000
-422.000000
-2377.000000
-2516.000000
-2180.000000
-4793.000000
-1732.000000
-2157.000000
314.000000
-1976.000000
-547.000000
-1453.000000
-3281.000000
-2224.000000
-420.000000
-1766.000000
-453.000000
-3828.500000
-1516.000000
-1020.500000
-3307.000000
7.000000
-490.000000
-2799.000000
-637.000000
-1329.000000
-1676.000000
-324.000000
-5843.500000
-1443.000000
-202.000000
-19.000000
-3393.000000
-1989.000000
-1082.000000
-419.000000
-2059.000000
-1642.000000
-2531.000000
-1362.000000
-3698.000000
-5401.000000
-1655.000000
-1020.000000
-3379.000000
-3660.000000
-2952.000000
-2789.000000
-3554.000000
-2542.000000
-917.000000
-942.000000
-1635.000000
-557.000000
-730.000000
-3834.000000
-1811.000000
-3074.000000
-10.000000
-1512.000000
-2916.000000
-4152.000000
-4663.000000
-369.000000
-1006.000000
-1378.000000
-520.000000
-598.000000
-2636.000000
-1437.000000
-2421.000000
-2739.000000
-3152.000000
-530.000000
-643.000000
-2267.000000
-3460.000000
-2261.000000
-2827.500000
-1634.000000
-1240.000000
-2417.000000
-2522.000000
-1470.000000
-590.000000
-460.000000
-728.000000
-3285.000000
-810.000000
-815.000000
-253.000000
-683.000000
-1762.000000
-1705.000000
-3429.000000
-3684.000000
-1064.000000
-737.000000
-2683.000000
-1927.000000
-119.000000
-1545.000000
-1088.000000
-2108.000000
-2820.000000
-1930.000000
-2426.000000
-2326.000000
-2466.000000
-945.000000
-825.000000
-2681.000000
-356.000000
-246.000000
-2274.000000
-2168.000000
-2647.000000
-664.000000
-442.000000
-418.000000
-429.000000
-2577.000000
-1037.000000
-2166.000000
-1054.000000
-3517.000000
-3851.000000
-1004.000000
-3200.500000
-2422.000000
-1487.000000
-15.000000
-399.000000
-1257.000000
-704.000000
-4194.000000
-1922.000000
-1135.000000
-860.000000
-1002.000000
-2055.000000
-2647.000000
-1750.000000
-1702.000000
-3551.000000
-2691.000000
-2615.000000
-2004.000000
-4256.000000
-1473.000000
-5316.500000
-763.000000
-2971.000000
-489.000000
-2668.000000
-1777.000000
-1777.000000
-2165.000000
-4449.500000
-2915.000000
-1608.000000
-1970.000000
-2175.000000
-1875.500000
-886.000000
-157.000000
-986.000000
-2670.000000
-1990.000000
-420.000000
-1084.000000
-817.000000
-396.000000
-822.000000
-2106.000000
-2547.000000
-3756.500000
-4001.000000
-2454.500000
-3438.500000
-3028.000000
-4416.500000
-814.000000
-843.000000
-4074.000000
-998.000000
-2066.000000
-1886.000000
-767.000000
-463.000000
-2032.000000
0.000000
-474.000000
-439.000000
-1172.000000
-2056.500000
-1553.000000
-1979.000000
-1163.000000
-1119.000000
-1610.000000
-3369.500000
-289.000000
-2027.000000
-421.000000
-986.000000
-421.000000
-1076.000000
-1616.000000
-213.000000
-402.000000
-2238.000000
-836.000000
-354.000000
-863.000000
-1761.000000
-964.000000
-2393.000000
-3596.000000
-1735.000000
-438.000000
-2347.000000
-466.000000
-3165.000000
-464.000000
-653.000000
-433.000000
-477.000000
-174.000000
-24.000000
-848.000000
-950.000000
-428.000000
-25.000000
-2440.000000
-3068.000000
-2161.500000
-3338.000000
-1699.000000
-3284.000000
-3901.000000
-2407.000000
-1360.000000
-297.000000
-1132.000000
-1302.000000
-2070.000000
-581.000000
-3695.000000
-394.000000
-1936.000000
-790.000000
-2536.000000
-2299.000000
-1253.000000
-934.000000
-2796.000000
-974.000000
-1318.000000
-1189.000000
-283.000000
-2463.500000
-397.000000
-1537.000000
-1135.000000
-1686.000000
5.000000
-714.000000
-876.000000
-810.000000
-1040.000000
-2596.000000
-702.000000
-1375.000000
-2654.000000
-3185.000000
-2573.000000
-5395.000000
-1769.000000
-2897.000000
-2732.000000
-1521.000000
-2949.000000
-2714.000000
-758.000000
-3983.000000
-1392.000000
-2056.000000
-2207.000000
-2203.000000
-4264.000000
-2046.000000
-335.000000
-3309.000000
-1732.000000
-2311.000000
-3317.000000
-367.000000
-2273.000000
-2192.000000
-3809.500000
-2582.000000
-3038.000000
-1266.000000
-1473.000000
-2742.500000
-3054.000000
-263.000000
-2186.000000
-587.000000
-2907.000000
-2346.000000
-4034.000000
-1437.000000
-1533.000000
-1388.000000
-1267.000000
-2362.000000
-1481.000000
-718.000000
-4029.000000
-702.000000
-1828.000000
-992.000000
-713.000000
-3007.000000
-1989.000000
-3981.500000
-1824.000000
-1596.000000
-1540.000000
-1799.000000
-668.000000
-4768.000000
-382.000000
-1529.000000
-2809.000000
-2066.000000
-3691.000000
-208.000000
-2650.000000
-2657.500000
-3038.000000
-1563.000000
-324.000000
-4012.000000
-2433.000000
-2258.500000
-766.000000
-552.000000
-2434.000000
-3566.000000
-1801.000000
-2024.000000
-1034.000000
-2239.000000
-1554.000000
-3484.000000
-413.000000
-1010.000000
-2972.000000
-872.000000
-351.000000
-2519.000000
-1010.000000
-2487.000000
-1112.000000
-4362.000000
-1504.000000
-226.000000
-2811.500000
-792.500000
-1451.000000
-1115.000000
-77.000000
-114.000000
-1676.000000
-417.000000
-1115.000000
-1557.000000
-4063.000000
-2429.000000
-1173.000000
-399.000000
-1812.000000
-422.000000
-3115.000000
-1858.000000
-2171.000000
-3814.000000
-2199.000000
-2399.000000
-1055.000000
-2430.000000
-1443.000000
-1800.000000
-1119.000000
-3915.000000
-2925.000000
-1194.000000
-233.500000
-2182.000000
177.000000
-1681.000000
-1168.000000
-4036.000000
-650.000000
-5463.000000
-200.000000
-2848.000000
-1306.000000
-1293.000000
-2234.000000
-2157.000000
-3068.000000
-778.000000
-3582.000000
-692.000000
-3040.000000
-424.000000
-3421.000000
-997.000000
-4797.000000
-463.000000
-457.000000
-2592.000000
-2671.000000
-2857.000000
-695.000000
-1410.000000
-211.000000
-1086.000000
-1004.000000
-1425.000000
-1704.000000
-227.500000
-214.000000
-4827.000000
-1393.000000
-2425.000000
-1501.000000
-1411.000000
-2155.000000
-1439.000000
-2035.000000
-4306.000000
-1625.000000
170.000000
-2599.000000
-662.000000
-2554.000000
-1660.000000
-1480.000000
-633.000000
-3272.000000
-1986.000000
-1549.000000
-2646.000000
-1338.000000
-995.000000
-1074.000000
-2272.000000
-2564.000000
-3403.000000
-3654.000000
-1204.000000
-3791.500000
-1861.000000
-2435.000000
-807.000000
-2510.000000
-876.000000
-1747.000000
-442.000000
-3177.000000
-3097.000000
-2269.000000
-1001.000000
-2780.000000
-2760.000000
-1211.000000
-3586.000000
-1774.000000
-1696.000000
-2275.000000
-2667.000000
-1127.000000
-2126.000000
-615.000000
-601.000000
-388.000000
-607.000000
-2431.000000
-1117.000000
-508.000000
-2596.500000
-2564.000000
-2666.000000
-2375.000000
-1643.000000
-4856.000000
-2333.000000
-1469.000000
-572.000000
-1054.000000
-2578.000000
-2881.000000
-2424.000000
-2304.500000
-2653.000000
-558.000000
-2509.000000
-2575.500000
-1760.000000
-1850.000000
-442.000000
-2067.000000
-2288.000000
-4147.000000
-981.000000
-1509.000000
-1247.000000
-1585.000000
-2126.000000
-1643.000000
-1533.000000
-813.000000
-365.000000
-768.000000
-3684.000000
-339.000000
-3286.000000
-450.000000
-2145.000000
-5848.000000
-200.000000
-1994.000000
-1245.000000
-1950.000000
-1518.000000
-2663.000000
-2471.000000
-1242.000000
-1222.000000
-2025.000000
-356.000000
-2405.000000
-616.000000
-612.000000
-842.000000
-611.000000
-2844.000000
-1823.000000
-1244.000000
-501.000000
-1733.000000
-138.000000
-4534.000000
-1958.000000
-711.000000
-1969.000000
-2046.000000
-14.000000
-622.000000
-1970.000000
-1345.000000
-585.000000
-3579.000000
-3858.000000
-2523.500000
-120.000000
-2622.000000
-1945.000000
190.000000
-246.500000
-399.000000
-3786.000000
-417.000000
-4076.000000
-1014.000000
-3101.000000
-1326.000000
-263.000000
-1282.000000
-1080.000000
-622.000000
-251.000000
-1461.000000
-386.000000
-2775.000000
-2179.000000
-1602.000000
-5122.000000
-2195.000000
-2541.000000
-2733.000000
-2030.000000
-2714.500000
-1320.000000
-766.000000
-703.000000
-1459.000000
-387.000000
-3979.000000
-1547.000000
-2220.000000
-4039.000000
-3867.000000
-475.000000
-39.000000
-1005.000000
-1272.000000
-1044.000000
-1861.000000
-440.000000
-2224.000000
-705.000000
-788.000000
-2343.000000
-2018.500000
-912.000000
-3200.000000
-1272.000000
-1454.000000
-507.000000
-1296.000000
-2892.000000
-989.000000
-2427.000000
-985.000000
-2873.000000
-3506.000000
-1425.000000
-687.000000
-535.000000
-353.000000
-955.000000
-1636.000000
-2307.000000
-920.000000
-3909.500000
-302.000000
-3009.000000
-5723.000000
-2106.000000
-447.000000
-1759.000000
-2701.000000
-1449.000000
-1242.000000
-1405.000000
-3370.000000
-751.000000
-224.000000
-1851.000000
-1616.000000
-1579.000000
-3184.000000
-35.000000
-1672.000000
-1740.000000
-427.000000
-1233.000000
-1288.000000
-209.000000
-809.000000
-970.000000
-2245.000000
-914.000000
-1828.000000
-991.000000
-1321.000000
-2030.000000
-2736.000000
-44.000000
-3692.000000
-1385.000000
-3957.000000
-439.000000
-1456.000000
-4080.000000
-817.000000
-4263.000000
-5180.500000
-1581.000000
-1899.000000
-1106.000000
-426.000000
-582.000000
-1818.000000
-3180.000000
-1388.000000
-5905.500000
-3592.500000
-1519.000000
-970.000000
-1039.000000
-3446.000000
-1207.000000
-2371.000000
-737.000000
-1046.000000
-1382.000000
-2431.000000
-1666.000000
-1858.000000
-706.000000
-4046.000000
-641.000000
-685.000000
-980.000000
-563.000000
-2810.000000
-1060.000000
-404.000000
-2016.000000
-811.000000
-3028.000000
-1393.000000
-1498.000000
-861.000000
-957.500000
-990.000000
-1803.000000
-2829.500000
-216.000000
-1366.500000
-986.000000
-2932.000000
-2353.000000
-769.000000
-1214.000000
-3214.000000
-1111.000000
-482.000000
-212.500000
-889.000000
-538.000000
-16.000000
-1710.000000
-1834.000000
-400.000000
-1736.000000
-2150.000000
-3150.000000
-885.000000
-2160.000000
-3213.000000
-839.000000
-1252.000000
-922.000000
-3191.000000
-2508.000000
-1983.000000
-2688.500000
-1347.000000
-2686.000000
-1604.000000
-3097.500000
-942.000000
-863.000000
-539.000000
-1084.000000
-2930.000000
-1950.500000
-3622.000000
-219.000000
-225.000000
-1103.000000
-1935.000000
-2212.000000
-1583.000000
-647.000000
-1330.000000
-1630.000000
-3339.000000
-2162.000000
-4175.000000
-2179.000000
-1098.000000
-2416.000000
-1625.000000
-811.000000
-724.000000
-1733.000000
-1310.000000
-2629.000000
-219.000000
-3050.000000
-2051.000000
-3012.000000
-760.000000
-1981.000000
-7.000000
-9.000000
-1219.000000
-4715.000000
-3024.000000
-1749.000000
-1018.000000
-3342.000000
-2095.000000
-1691.000000
-3583.000000
-365.000000
-2076.000000
-1703.000000
-1443.000000
-506.000000
-3736.500000
-1375.000000
-1242.000000
-1444.000000
-673.000000
-1996.000000
-1015.000000
-997.000000
-1658.000000
-1140.000000
-1189.000000
-1936.000000
-3006.500000
-790.000000
-1742.000000
-2008.000000
-1103.000000
-1536.000000
-423.000000
-4417.000000
-2732.000000
-1624.000000
-1428.000000
0.000000
-411.000000
-255.000000
-1236.000000
-3464.000000
-428.000000
-2086.000000
-1507.000000
-1810.000000
-962.000000
-2899.000000
-412.000000
-2887.000000
-512.000000
-400.000000
-1802.000000
-2671.000000
-1884.000000
-258.000000
-3160.000000
-2106.000000
-2589.000000
-2750.000000
-2633.500000
-2276.000000
-1812.000000
-2484.000000
-699.000000
-1455.000000
-3974.000000
-2165.000000
-2273.000000
-2065.000000
-4120.000000
-1950.000000
-1159.000000
-1041.000000
-1438.000000
-377.000000
-108.000000
-1042.000000
-586.000000
-1639.000000
-951.000000
-483.000000
-886.000000
-2376.000000
-3082.000000
-1858.000000
-3477.000000
-1704.000000
-4383.000000
-439.000000
-1566.500000
-2324.000000
-1377.000000
-1362.000000
-2255.000000
-2768.000000
-783.000000
-1978.000000
-1712.000000
-2524.000000
-2462.000000
-1874.000000
-763.000000
-1701.000000
-546.000000
-2121.000000
-2910.500000
-1150.000000
-40.000000
-2292.000000
-1970.500000
-1172.000000
-1884.000000
-649.000000
-2266.000000
-2280.000000
-4369.000000
-5255.500000
-1508.000000
-320.000000
-3633.000000
-1541.000000
-690.000000
-2282.000000
-1134.000000
-1056.000000
-1534.000000
-217.000000
5.000000
-3473.000000
-2097.500000
-2350.500000
-1127.000000
-293.000000
-1949.000000
-415.000000
-3369.000000
-2018.000000
-1483.000000
-963.000000
-2010.000000
-5393.000000
-2453.000000
-1169.000000
-1298.000000
-642.000000
-2809.000000
-226.000000
-1002.000000
-6124.000000
-2167.000000
-3465.000000
-3086.000000
-416.000000
-1854.000000
-1195.000000
-2207.000000
-1019.000000
-1626.000000
-1792.000000
-1272.500000
-1739.000000
-1595.000000
-2713.000000
-4575.500000
-1001.000000
-2073.000000
-2986.000000
-3593.000000
-2672.000000
-1649.000000
-1435.000000
-2154.000000
-3885.000000
-2131.000000
-1887.000000
-3348.500000
-4544.000000
-1161.000000
-2659.000000
-2458.000000
-1081.000000
-1952.000000
-2727.000000
-3650.000000
-700.000000
-195.000000
-1205.000000
-2766.000000
-527.000000
-1176.000000
-3774.000000
-677.000000
-18.000000
-3541.000000
-266.000000
-2466.000000
-1870.000000
-279.000000
-2949.000000
-2321.000000
-1776.000000
-425.000000
-2013.500000
-2057.500000
-1855.000000
-1211.000000
-757.000000
-1291.000000
-1042.000000
-4460.000000
-1209.000000
-531.000000
-1219.000000
-1659.000000
-886.000000
-2699.000000
-2911.500000
-4686.000000
-462.000000
-1089.000000
-1719.000000
-1804.000000
-902.500000
-796.000000
-1616.000000
-2154.000000
-1818.000000
-3190.000000
-3765.000000
-3688.000000
-4148.000000
-2011.000000
-1648.000000
-3359.000000
-950.000000
-1728.000000
-3322.000000
-1892.000000
-449.000000
-1504.000000
-4801.000000
-488.000000
-2146.000000
-2767.000000
-694.000000
-2627.000000
-885.000000
-1329.000000
-1392.500000
-41.000000
-429.000000
-1736.000000
-2547.000000
-2787.000000
-1912.000000
-4558.000000
-601.000000
-1027.000000
-359.000000
-473.000000
-1475.000000
-1591.000000
-949.000000
-3419.000000
-1485.000000
-824.000000
-5202.000000
-1577.000000
-1483.000000
-2543.000000
-4584.000000
-1602.000000
-1225.000000
-50.000000
-2866.000000
-183.000000
-1350.000000
-3705.000000
-2022.000000
-1959.000000
-590.000000
-29.000000
-96.000000
-3308.000000
-3983.000000
-771.000000
-1166.000000
-1901.000000
-594.000000
-1351.000000
-581.000000
-2850.000000
-1931.000000
-5015.000000
-2740.000000
-380.000000
-413.000000
-1339.000000
-1828.000000
-2316.000000
-2077.000000
-837.000000
-1648.000000
-592.000000
-202.000000
-2118.000000
-470.000000
-4331.000000
-1556.000000
-1900.000000
-2819.000000
-2999.000000
-2187.000000
-733.000000
-1564.000000
-593.000000
-1070.000000
-2838.000000
-1574.000000
-4501.000000
-419.000000
-826.000000
-869.000000
-1638.000000
-1459.000000
-2910.000000
-1537.000000
-2643.000000
-1815.000000
-448.000000
-1302.000000
-1158.000000
-2921.000000
1.000000
-2104.000000
-2042.500000
-333.000000
-661.000000
-25.000000
-2052.000000
-2436.000000
-2263.000000
-2491.000000
-668.000000
-1229.000000
-939.000000
-801.000000
-1596.000000
-229.000000
-1587.000000
-3172.000000
-688.000000
-3852.000000
-468.000000
-2831.000000
-1012.000000
-1216.000000
-2165.000000
-53.000000
-2962.000000
-236.000000
-758.000000
-3881.000000
-648.000000
-1156.000000
-1200.000000
-1034.000000
-218.000000
-1892.000000
-1791.000000
-1304.000000
-2777.000000
-354.000000
-3288.000000
-2575.000000
-3689.000000
-1816.000000
-2523.000000
-3795.000000
-298.000000
-1308.000000
-1072.000000
-3275.000000
-3090.500000
-1951.000000
-240.000000
-666.000000
-1623.000000
-913.000000
-3335.000000
-3343.000000
-4229.000000
-2100.000000
-403.000000
-3506.000000
-1598.000000
-446.000000
-2983.000000
-2636.000000
-1811.500000
-1268.000000
-2576.000000
-2819.000000
-430.000000
-1439.000000
-691.000000
-1563.000000
-3235.000000
-1297.000000
-3720.500000
-2180.000000
-173.000000
-2294.000000
-1073.000000
-1050.000000
1.000000
-1976.000000
-3304.000000
-847.000000
-37.000000
-299.000000
-2059.000000
-733.000000
-1099.000000
-1223.000000
-2574.000000
-601.000000
-326.000000
-2786.000000
-4392.000000
-5799.000000
-2442.000000
-649.000000
-344.000000
-388.000000
-9.000000
-2332.000000
-1587.000000
-1129.000000
-312.000000
-2528.000000
-233.000000
-1454.000000
-3170.000000
-531.000000
-5081.000000
-1594.000000
-1624.000000
-256.000000
-2196.000000
-497.000000
-2666.000000
-2417.000000
-348.000000
-1164.000000
-2463.000000
-325.000000
-1499.000000
-3004.000000
-2195.000000
-660.000000
-3265.000000
-3015.000000
-203.000000
-1061.000000
-1106.000000
-1069.000000
-557.000000
-3669.000000
-2591.000000
-2202.000000
-2487.000000
-901.000000
-223.000000
-1188.000000
-2868.000000
-2203.000000
-300.000000
-2936.000000
-413.000000
-1014.000000
-1517.000000
-2190.000000
-1528.000000
-1066.000000
-2321.000000
-29.000000
-1480.000000
-2050.000000
-1547.000000
-2736.000000
-3214.000000
-1663.000000
-5310.000000
-1621.000000
-813.000000
-2830.000000
-1005.000000
-37.000000
-2687.000000
-2855.000000
-2226.000000
-3590.000000
-1722.500000
-2723.000000
-562.000000
-3220.000000
-773.000000
-1413.000000
-628.000000
-1019.000000
-1661.000000
-3683.000000
-619.000000
-961.000000
-1593.000000
-3214.000000
-695.000000
-2121.000000
-3140.000000
-3412.000000
-3096.000000
-3116.000000
-2909.000000
-3640.000000
-413.000000
-2497.000000
-1018.000000
-2061.000000
-841.000000
-735.000000
-488.000000
-3806.000000
-2044.000000
-3.000000
-3396.000000
-1.000000
-1145.000000
-879.000000
-2924.000000
-1256.000000
-2566.000000
-921.000000
-3591.000000
-1975.000000
-2175.000000
-760.000000
-1127.000000
-3796.000000
-2443.000000
-714.000000
-1485.000000
-174.000000
-1962.000000
-1498.000000
-1389.000000
-889.000000
-2118.000000
-933.000000
-348.000000
-2131.000000
-818.000000
-887.000000
-1749.000000
-1707.000000
-2874.000000
-1284.000000
-5095.000000
-1343.000000
-1479.000000
-1357.000000
-91.000000
-1910.000000
-2264.500000
-445.000000
-2417.000000
-1489.000000
-2.000000
-1378.000000
-2344.000000
-11.000000
-1293.000000
-813.000000
-3851.000000
-2333.000000
-3921.000000
-1084.000000
-689.000000
-1750.000000
-2385.000000
-307.000000
-409.000000
-1184.000000
-29.000000
-6167.500000
-200.000000
-397.000000
-282.000000
-3625.000000
-2207.000000
-806.000000
-2178.000000
-1359.000000
-1509.500000
-2421.000000
-2300.000000
-155.000000
-5.000000
-1194.000000
-608.000000
-2562.000000
-121.000000
-2067.000000
-4056.000000
-4.000000
-1781.000000
-2629.000000
-1077.000000
-1844.000000
-2004.000000
-237.000000
-45.000000
-2777.000000
-352.000000
-19.000000
-875.000000
-632.000000
-699.000000
-1445.000000
-402.000000
193.000000
-2555.000000
-388.000000
-318.000000
-1328.000000
-2765.000000
-1822.000000
-1729.000000
-3670.000000
-815.000000
-2833.500000
-2834.000000
-1029.500000
-1927.000000
-1178.000000
-19.000000
-3994.000000
-993.000000
-663.000000
-660.000000
-421.000000
-1181.000000
-2605.000000
-4610.500000
-333.000000
-53.000000
-173.000000
-766.000000
-1564.000000
-1647.000000
-1012.000000
-607.000000
-1850.000000
-3420.000000
-320.000000
-226.000000
-2217.000000
-360.000000
-210.500000
-880.000000
-685.000000
-697.000000
-2579.000000
-416.000000
-968.000000
-1784.000000
-210.000000
-1782.000000
-213.000000
-200.000000
-817.000000
-1630.500000
-2834.500000
-1340.000000
-1989.000000
-866.000000
-1436.000000
-1586.000000
-3008.000000
-20.000000
-1853.000000
-2691.000000
-1073.000000
-2744.000000
-1000.000000
-3507.000000
-681.000000
-2362.000000
-1698.000000
-1443.000000
-2248.000000
-2077.000000
-1362.000000
-1163.000000
-1240.000000
-2708.000000
-2408.000000
-516.000000
-1545.000000
-3702.000000
-944.000000
-1524.000000
-1539.000000
-2325.000000
-1864.000000
-2747.000000
-2043.500000
-1359.000000
-3101.000000
-4619.000000
-1947.000000
-3321.000000
-97.000000
-1305.000000
-915.000000
-1900.000000
-594.000000
-2508.000000
-200.000000
-1582.000000
-4503.000000
-941.000000
-1459.000000
-356.000000
-405.000000
-987.000000
-1018.000000
-1711.000000
-411.000000
-312.000000
-1956.000000
-944.000000
-2266.000000
-918.000000
-2483.000000
-1936.000000
-2171.000000
-4259.000000
-3493.000000
-1382.000000
-1696.000000
-1101.000000
-560.000000
-403.000000
-550.000000
-1752.000000
-8.000000
-2043.000000
-1621.000000
-2993.000000
-585.000000
-2182.000000
-1.000000
-1074.000000
-963.000000
-626.000000
-200.000000
-3853.000000
-4188.000000
-1628.000000
-1543.000000
-3387.000000
-867.000000
-777.000000
-1168.000000
-923.000000
-2357.000000
-4446.000000
-1572.000000
-1375.000000
-1612.000000
-4297.000000
-4063.000000
-414.000000
-2290.000000
-1217.000000
-3149.000000
-1067.000000
-4037.000000
-1868.000000
-890.000000
-3179.000000
-2574.000000
-1759.000000
-1215.000000
-489.000000
-3364.000000
-505.000000
-2911.000000
-1777.000000
-1770.000000
-1050.000000
-4671.000000
-2126.000000
-691.000000
-2613.000000
-2712.000000
-3773.000000
-1782.000000
-644.000000
-1126.000000
-1491.000000
-115.000000
-917.000000
-2280.000000
-1516.000000
-667.000000
-2046.000000
-2062.000000
-1615.000000
-866.000000
-2678.000000
-1619.000000
-1795.000000
190.000000
-1764.000000
-697.000000
-1592.000000
-35.000000
-2464.000000
-851.000000
-1106.000000
-1028.000000
-3334.000000
-1953.000000
-1920.000000
-1742.000000
-549.000000
-860.000000
-1154.000000
-2009.000000
-4691.000000
-953.000000
-2688.000000
-1352.000000
-1759.000000
-28.000000
-4618.000000
-894.000000
-1697.000000
-3156.000000
-497.000000
-1464.000000
-395.000000
-731.000000
-2114.000000
-12.000000
-919.000000
-479.000000
-1570.000000
-548.000000
-271.000000
-2982.000000
-3934.000000
-2687.000000
-955.000000
-1328.000000
-2642.000000
-1990.000000
-2402.000000
-755.000000
-1273.000000
-1617.000000
-200.000000
-1246.000000
-2552.000000
-397.000000
-1520.000000
-4073.000000
-2046.000000
-214.000000
-376.000000
-1670.500000
-201.000000
-3009.000000
-2242.000000
-527.000000
-487.000000
-2132.000000
-3486.000000
-2473.000000
-2830.000000
-640.000000
-1680.000000
-1059.000000
-1796.000000
-1601.000000
-1077.000000
-3829.000000
-5.000000
-2581.000000
-1588.000000
-2601.000000
-3258.000000
-699.000000
-2584.000000
-1585.000000
-1427.000000
-2533.000000
-3749.000000
-399.000000
-712.000000
-1985.000000
-2737.000000
-2849.000000
-363.000000
-2757.000000
-228.000000
-1769.000000
-1820.000000
-5706.000000
-2354.000000
-2934.000000
-682.000000
-1265.000000
-2591.000000
-3452.000000
-1135.000000
-56.000000
-3224.000000
-1666.000000
-3151.000000
-1183.000000
-1035.000000
-1152.000000
-1133.000000
-858.000000
-3661.000000
-3788.000000
-2391.000000
-2094.000000
-3181.000000
-472.000000
-2849.000000
-1640.000000
-2375.000000
-2773.000000
-4730.000000
-2024.000000
-917.000000
-979.000000
-2290.000000
-2333.000000
-3208.000000
-1541.000000
-226.000000
-409.000000
-2072.000000
-2148.000000
-2658.000000
-2836.000000
-3755.000000
-4647.000000
-2613.000000
-242.000000
-2819.000000
-2909.000000
-3310.000000
-1553.000000
-24.000000
-444.000000
-3132.000000
-20.000000
